1 0.13221153846153846 0.6478365384615384 0.2644230769230769 0.4879807692307692
0 0.2860576923076923 0.8882211538461539 0.1778846153846154 0.22355769230769232
0 0.34975961538461536 0.6730769230769231 0.12980769230769232 0.1971153846153846
0 0.3918269230769231 0.5144230769230769 0.09375 0.14903846153846154
0 0.30649038461538464 0.47836538461538464 0.09014423076923077 0.13581730769230768
1 0.3713942307692308 0.3798076923076923 0.07451923076923077 0.12980769230769232
0 0.3942307692307692 0.27524038461538464 0.052884615384615384 0.07211538461538461
0 0.44350961538461536 0.41346153846153844 0.06971153846153846 0.140625
0 0.4807692307692308 0.33052884615384615 0.052884615384615384 0.07451923076923077
0 0.45072115384615385 0.2536057692307692 0.04807692307692308 0.10576923076923077
1 0.38221153846153844 0.18629807692307693 0.06971153846153846 0.1310096153846154
1 0.44471153846153844 0.15264423076923078 0.06129807692307692 0.109375
1 0.7127403846153846 0.2512019230769231 0.1045673076923077 0.171875
0 0.7091346153846154 0.8485576923076923 0.20192307692307693 0.30288461538461536
0 0.6394230769230769 0.6274038461538461 0.13581730769230768 0.36899038461538464
0 0.6057692307692307 0.42788461538461536 0.06610576923076923 0.14182692307692307
1 0.5012019230769231 0.2608173076923077 0.040865384615384616 0.07692307692307693
0 0.7043269230769231 0.4411057692307692 0.0985576923076923 0.23557692307692307
1 0.7848557692307693 0.5649038461538461 0.09495192307692307 0.23557692307692307
0 0.7848557692307693 0.4375 0.07451923076923077 0.125
0 0.6189903846153846 0.3605769230769231 0.0673076923076923 0.12620192307692307
0 0.5901442307692307 0.2980769230769231 0.046875 0.078125
0 0.5805288461538461 0.18028846153846154 0.052884615384615384 0.14182692307692307
1 0.6298076923076923 0.12980769230769232 0.051682692307692304 0.13581730769230768
1 0.5096153846153846 0.10576923076923077 0.036057692307692304 0.07451923076923077
3 0.9387019230769231 0.4891826923076923 0.042067307692307696 0.09254807692307693
0 0.5084134615384616 0.19471153846153846 0.03245192307692308 0.04567307692307692
1 0.5865384615384616 0.08653846153846154 0.036057692307692304 0.046875
0 0.4735576923076923 0.21634615384615385 0.03485576923076923 0.0625