1 0.3401442307692308 0.3329326923076923 0.13221153846153846 0.23798076923076922
0 0.6802884615384616 0.7367788461538461 0.17067307692307693 0.4579326923076923
1 0.4230769230769231 0.7247596153846154 0.13701923076923078 0.27403846153846156
0 0.36778846153846156 0.5132211538461539 0.09975961538461539 0.15144230769230768
3 0.18629807692307693 0.5120192307692307 0.040865384615384616 0.13942307692307693
1 0.8161057692307693 0.5721153846153846 0.27403846153846156 0.6009615384615384
0 0.15504807692307693 0.7007211538461539 0.1201923076923077 0.22355769230769232
3 0.09975961538461539 0.5721153846153846 0.04567307692307692 0.14543269230769232
3 0.05048076923076923 0.5961538461538461 0.04807692307692308 0.14543269230769232
0 0.46875 0.484375 0.0889423076923077 0.13221153846153846
0 0.6177884615384616 0.47836538461538464 0.09375 0.28846153846153844
0 0.2620192307692308 0.7487980769230769 0.18629807692307693 0.35096153846153844
1 0.27884615384615385 0.49278846153846156 0.08774038461538461 0.16826923076923078
3 0.22596153846153846 0.47596153846153844 0.027644230769230768 0.13221153846153846
1 0.6875 0.19591346153846154 0.08173076923076923 0.1310096153846154
1 0.6334134615384616 0.11538461538461539 0.042067307692307696 0.09375
1 0.48677884615384615 0.20432692307692307 0.06850961538461539 0.1622596153846154
0 0.6682692307692307 0.33653846153846156 0.06610576923076923 0.1622596153846154
0 0.5949519230769231 0.3088942307692308 0.04326923076923077 0.07692307692307693
1 0.44350961538461536 0.12620192307692307 0.051682692307692304 0.078125
1 0.23317307692307693 0.3473557692307692 0.15264423076923078 0.23918269230769232
1 0.4807692307692308 0.07572115384615384 0.03125 0.0829326923076923
1 0.5108173076923077 0.08413461538461539 0.02403846153846154 0.05889423076923077
0 0.5769230769230769 0.12379807692307693 0.03125 0.09014423076923077
0 0.6225961538461539 0.21995192307692307 0.036057692307692304 0.05889423076923077
3 0.4495192307692308 0.36778846153846156 0.03485576923076923 0.09495192307692307
1 0.39903846153846156 0.23317307692307693 0.09014423076923077 0.13581730769230768
1 0.6069711538461539 0.08774038461538461 0.03245192307692308 0.08413461538461539
0 0.39302884615384615 0.9206730769230769 0.15625 0.15745192307692307
1 0.6971153846153846 0.9362980769230769 0.1658653846153846 0.12620192307692307