0 0.5192307692307693 0.5324519230769231 0.8413461538461539 0.3918269230769231
0 0.07692307692307693 0.3401442307692308 0.1502403846153846 0.14543269230769232
0 0.18269230769230768 0.3004807692307692 0.09495192307692307 0.12860576923076922
0 0.265625 0.31971153846153844 0.13221153846153846 0.11057692307692307
0 0.3713942307692308 0.3233173076923077 0.09735576923076923 0.09495192307692307
0 0.4675480769230769 0.30288461538461536 0.10697115384615384 0.09975961538461539
1 0.6983173076923077 0.30649038461538464 0.1502403846153846 0.11658653846153846
0 0.8149038461538461 0.19230769230769232 0.14182692307692307 0.08173076923076923
0 0.6394230769230769 0.1971153846153846 0.11298076923076923 0.07451923076923077
0 0.5144230769230769 0.18389423076923078 0.125 0.08653846153846154
0 0.39783653846153844 0.19230769230769232 0.1201923076923077 0.08653846153846154
0 0.29086538461538464 0.18509615384615385 0.09254807692307693 0.07572115384615384
0 0.18028846153846154 0.18629807692307693 0.11177884615384616 0.07692307692307693
0 0.07692307692307693 0.18389423076923078 0.15384615384615385 0.0889423076923077