0 0.28125 0.7932692307692307 0.25240384615384615 0.41346153846153844
0 0.36538461538461536 0.4050480769230769 0.13822115384615385 0.21995192307692307
3 0.34615384615384615 0.2536057692307692 0.04447115384615385 0.10697115384615384
3 0.43990384615384615 0.1658653846153846 0.036057692307692304 0.0985576923076923
3 0.46875 0.13221153846153846 0.02403846153846154 0.08173076923076923
3 0.4723557692307692 0.06129807692307692 0.02283653846153846 0.056490384615384616
3 0.41225961538461536 0.0985576923076923 0.03485576923076923 0.06850961538461539
3 0.42908653846153844 0.04567307692307692 0.025240384615384616 0.055288461538461536
3 0.5240384615384616 0.07692307692307693 0.026442307692307692 0.07091346153846154
3 0.49038461538461536 0.02403846153846154 0.016826923076923076 0.042067307692307696
3 0.7379807692307693 0.16466346153846154 0.039663461538461536 0.10817307692307693
3 0.9399038461538461 0.3629807692307692 0.04447115384615385 0.07572115384615384
3 0.7067307692307693 0.021634615384615384 0.051682692307692304 0.04326923076923077