0 0.21875 0.5204326923076923 0.13822115384615385 0.10216346153846154
0 0.38822115384615385 0.4723557692307692 0.055288461538461536 0.08533653846153846
0 0.3473557692307692 0.3641826923076923 0.04326923076923077 0.055288461538461536
0 0.37259615384615385 0.3425480769230769 0.03485576923076923 0.03485576923076923
0 0.4387019230769231 0.3545673076923077 0.042067307692307696 0.05048076923076923
0 0.6177884615384616 0.4411057692307692 0.052884615384615384 0.07211538461538461
0 0.6418269230769231 0.5216346153846154 0.07932692307692307 0.09975961538461539
0 0.6538461538461539 0.6442307692307693 0.10576923076923077 0.15865384615384615
0 0.6983173076923077 0.4519230769230769 0.06610576923076923 0.08653846153846154
0 0.7584134615384616 0.6442307692307693 0.11177884615384616 0.15865384615384615
0 0.7800480769230769 0.8377403846153846 0.17067307692307693 0.2764423076923077
0 0.8918269230769231 0.6802884615384616 0.14903846153846154 0.22355769230769232
0 0.8689903846153846 0.49158653846153844 0.09735576923076923 0.10697115384615384
0 0.6286057692307693 0.3245192307692308 0.03365384615384615 0.042067307692307696
0 0.578125 0.3293269230769231 0.03365384615384615 0.04807692307692308
0 0.5733173076923077 0.2956730769230769 0.026442307692307692 0.038461538461538464
0 0.9483173076923077 0.8557692307692307 0.10336538461538461 0.28846153846153844
0 0.6117788461538461 0.35216346153846156 0.03365384615384615 0.05889423076923077
0 0.6105769230769231 0.2980769230769231 0.019230769230769232 0.03485576923076923
0 0.5877403846153846 0.2776442307692308 0.02283653846153846 0.04447115384615385
3 0.7752403846153846 0.4807692307692308 0.026442307692307692 0.05889423076923077
3 0.7199519230769231 0.4098557692307692 0.03365384615384615 0.06009615384615385
3 0.9254807692307693 0.5973557692307693 0.052884615384615384 0.07451923076923077
3 0.9699519230769231 0.6610576923076923 0.05889423076923077 0.08774038461538461
3 0.34375 0.39783653846153844 0.025240384615384616 0.046875
3 0.5 0.3425480769230769 0.018028846153846152 0.042067307692307696