0 0.25 0.7367788461538461 0.2776442307692308 0.4831730769230769
0 0.38221153846153844 0.38100961538461536 0.11899038461538461 0.20552884615384615
0 0.05889423076923077 0.35096153846153844 0.11778846153846154 0.18269230769230768
0 0.48197115384615385 0.03245192307692308 0.056490384615384616 0.06490384615384616
0 0.42427884615384615 0.109375 0.07091346153846154 0.13581730769230768
1 0.7980769230769231 0.1502403846153846 0.10697115384615384 0.14543269230769232
0 0.9807692307692307 0.5288461538461539 0.038461538461538464 0.1201923076923077
3 0.4879807692307692 0.7055288461538461 0.10817307692307693 0.2403846153846154
3 0.9326923076923077 0.36538461538461536 0.051682692307692304 0.10216346153846154
3 0.5348557692307693 0.08173076923076923 0.03245192307692308 0.07932692307692307
3 0.4807692307692308 0.09254807692307693 0.03485576923076923 0.0733173076923077
3 0.5456730769230769 0.03125 0.021634615384615384 0.05048076923076923