3 0.8545673076923077 0.7403846153846154 0.09735576923076923 0.2283653846153846
3 0.7776442307692307 0.5673076923076923 0.078125 0.18269230769230768
3 0.8485576923076923 0.5120192307692307 0.07451923076923077 0.16105769230769232
3 0.6430288461538461 0.19831730769230768 0.040865384615384616 0.09495192307692307
3 0.625 0.0625 0.027644230769230768 0.07211538461538461
0 0.4567307692307692 0.05048076923076923 0.06370192307692307 0.078125
0 0.42788461538461536 0.0829326923076923 0.06850961538461539 0.06370192307692307
0 0.41346153846153844 0.16826923076923078 0.11177884615384616 0.13942307692307693
0 0.3317307692307692 0.3389423076923077 0.14903846153846154 0.1814903846153846
0 0.5456730769230769 0.22716346153846154 0.109375 0.125
0 0.5420673076923077 0.3605769230769231 0.11658653846153846 0.18509615384615385
1 0.6322115384615384 0.515625 0.17668269230769232 0.265625
1 0.4098557692307692 0.6754807692307693 0.23677884615384615 0.44711538461538464
0 0.6165865384615384 0.8221153846153846 0.23317307692307693 0.3557692307692308
0 0.17908653846153846 0.7451923076923077 0.24158653846153846 0.44471153846153844
0 0.18990384615384615 0.12139423076923077 0.1141826923076923 0.22355769230769232
0 0.65625 0.11778846153846154 0.07692307692307693 0.10216346153846154