0 0.09134615384615384 0.6177884615384616 0.18269230769230768 0.13221153846153846
0 0.15504807692307693 0.5192307692307693 0.13822115384615385 0.11778846153846154
0 0.37740384615384615 0.7872596153846154 0.17548076923076922 0.31971153846153844
1 0.4543269230769231 0.44471153846153844 0.06009615384615385 0.13701923076923078
0 0.3942307692307692 0.3293269230769231 0.036057692307692304 0.05889423076923077
0 0.36778846153846156 0.3329326923076923 0.04927884615384615 0.055288461538461536
0 0.3329326923076923 0.375 0.0829326923076923 0.08052884615384616
0 0.484375 0.25721153846153844 0.018028846153846152 0.026442307692307692
1 0.5204326923076923 0.27283653846153844 0.021634615384615384 0.05889423076923077
1 0.4807692307692308 0.30408653846153844 0.042067307692307696 0.07451923076923077
0 0.46875 0.34615384615384615 0.042067307692307696 0.07211538461538461
0 0.46274038461538464 0.2608173076923077 0.02283653846153846 0.03485576923076923
0 0.6262019230769231 0.25240384615384615 0.016826923076923076 0.04807692307692308
0 0.6370192307692307 0.27283653846153844 0.028846153846153848 0.051682692307692304
0 0.6670673076923077 0.2956730769230769 0.037259615384615384 0.05889423076923077
0 0.8377403846153846 0.4362980769230769 0.11177884615384616 0.1201923076923077
0 0.6165865384615384 0.34975961538461536 0.051682692307692304 0.09495192307692307
0 0.5697115384615384 0.25841346153846156 0.02283653846153846 0.039663461538461536
3 0.5829326923076923 0.26322115384615385 0.020432692307692308 0.03365384615384615
3 0.3016826923076923 0.39903846153846156 0.030048076923076924 0.06490384615384616
3 0.3269230769230769 0.38822115384615385 0.03365384615384615 0.056490384615384616
3 0.27283653846153844 0.5216346153846154 0.04927884615384615 0.13341346153846154