3 0.47836538461538464 0.27163461538461536 0.042067307692307696 0.140625
3 0.47836538461538464 0.12379807692307693 0.03125 0.08533653846153846
3 0.5336538461538461 0.03125 0.030048076923076924 0.057692307692307696
3 0.5372596153846154 0.0985576923076923 0.03245192307692308 0.09134615384615384
1 0.5540865384615384 0.6778846153846154 0.40384615384615385 0.6442307692307693
1 0.4567307692307692 0.04927884615384615 0.10336538461538461 0.0985576923076923
0 0.41586538461538464 0.12259615384615384 0.07451923076923077 0.11298076923076923
0 0.38100961538461536 0.22235576923076922 0.08774038461538461 0.15625
0 0.36177884615384615 0.5120192307692307 0.17908653846153846 0.2608173076923077
1 0.29927884615384615 0.35096153846153844 0.15865384615384615 0.27884615384615385
1 0.7944711538461539 0.1502403846153846 0.09975961538461539 0.17908653846153846
3 0.9254807692307693 0.3605769230769231 0.06971153846153846 0.09975961538461539
0 0.039663461538461536 0.46033653846153844 0.07932692307692307 0.2512019230769231