3 0.125 0.3233173076923077 0.06971153846153846 0.125
3 0.3713942307692308 0.34975961538461536 0.057692307692307696 0.13581730769230768
3 0.6586538461538461 0.33774038461538464 0.040865384615384616 0.12620192307692307
3 0.7079326923076923 0.07932692307692307 0.028846153846153848 0.07932692307692307
1 0.4254807692307692 0.09615384615384616 0.07692307692307693 0.13701923076923078
0 0.24639423076923078 0.09254807692307693 0.09495192307692307 0.14783653846153846
0 0.2548076923076923 0.5697115384615384 0.1778846153846154 0.29927884615384615
0 0.41947115384615385 0.21634615384615385 0.09134615384615384 0.12980769230769232
1 0.5396634615384616 0.7007211538461539 0.4411057692307692 0.5985576923076923
1 0.09134615384615384 0.09975961538461539 0.1814903846153846 0.19951923076923078
1 0.4951923076923077 0.038461538461538464 0.07692307692307693 0.07692307692307693