3 0.234375 0.5012019230769231 0.08052884615384616 0.19591346153846154
3 0.3161057692307692 0.5036057692307693 0.0673076923076923 0.13701923076923078
3 0.46153846153846156 0.265625 0.046875 0.13221153846153846
3 0.6117788461538461 0.1502403846153846 0.036057692307692304 0.07091346153846154
3 0.9242788461538461 0.35216346153846156 0.06370192307692307 0.07572115384615384
1 0.8004807692307693 0.14543269230769232 0.10697115384615384 0.15144230769230768
0 0.6838942307692307 0.06971153846153846 0.0673076923076923 0.09375
0 0.36658653846153844 0.33052884615384615 0.11778846153846154 0.20793269230769232
0 0.453125 0.09254807692307693 0.08052884615384616 0.12259615384615384
0 0.28365384615384615 0.7596153846153846 0.24639423076923078 0.3737980769230769
1 0.6105769230769231 0.5036057692307693 0.26322115384615385 0.6850961538461539