0 0.3473557692307692 0.4026442307692308 0.13822115384615385 0.23677884615384615
0 0.2283653846153846 0.10697115384615384 0.09134615384615384 0.11538461538461539
0 0.48197115384615385 0.05889423076923077 0.06850961538461539 0.11778846153846154
0 0.5288461538461539 0.036057692307692304 0.052884615384615384 0.07211538461538461
3 0.13221153846153846 0.2620192307692308 0.06610576923076923 0.12139423076923077
3 0.14783653846153846 0.08413461538461539 0.037259615384615384 0.09014423076923077
3 0.3786057692307692 0.23677884615384615 0.04447115384615385 0.10576923076923077
3 0.5432692307692307 0.36177884615384615 0.051682692307692304 0.10216346153846154
3 0.5384615384615384 0.5108173076923077 0.07692307692307693 0.16826923076923078
3 0.9338942307692307 0.3918269230769231 0.054086538461538464 0.109375
3 0.7055288461538461 0.025240384615384616 0.046875 0.04927884615384615