0 0.14903846153846154 0.8942307692307693 0.27283653846153844 0.21153846153846154
1 0.21394230769230768 0.6069711538461539 0.24519230769230768 0.42908653846153844
0 0.32091346153846156 0.3545673076923077 0.13341346153846154 0.1502403846153846
0 0.3701923076923077 0.23557692307692307 0.0985576923076923 0.14543269230769232
0 0.7163461538461539 0.7019230769230769 0.23677884615384615 0.37259615384615385
0 0.5480769230769231 0.40865384615384615 0.13341346153846154 0.2127403846153846
0 0.4831730769230769 0.038461538461538464 0.06009615384615385 0.07572115384615384
1 0.4110576923076923 0.04807692307692308 0.07932692307692307 0.07211538461538461
0 0.40024038461538464 0.140625 0.09975961538461539 0.13822115384615385
0 0.5240384615384616 0.21514423076923078 0.10216346153846154 0.2127403846153846
0 0.47596153846153844 0.6310096153846154 0.1971153846153846 0.4423076923076923
3 0.38822115384615385 0.5228365384615384 0.04807692307692308 0.13942307692307693
3 0.9206730769230769 0.3870192307692308 0.0625 0.12259615384615384
3 0.5480769230769231 0.025240384615384616 0.03125 0.04927884615384615