0 0.8257211538461539 0.44471153846153844 0.07692307692307693 0.0733173076923077
0 0.8846153846153846 0.4987980769230769 0.09615384615384616 0.09615384615384616
0 0.6670673076923077 0.30288461538461536 0.030048076923076924 0.039663461538461536
0 0.5829326923076923 0.29086538461538464 0.025240384615384616 0.03485576923076923
0 0.3942307692307692 0.31971153846153844 0.037259615384615384 0.037259615384615384
0 0.36778846153846156 0.3425480769230769 0.040865384615384616 0.03485576923076923
3 0.23076923076923078 0.6838942307692307 0.055288461538461536 0.11057692307692307
3 0.28725961538461536 0.6850961538461539 0.04807692307692308 0.11298076923076923
3 0.42908653846153844 0.6430288461538461 0.04807692307692308 0.10817307692307693
3 0.4098557692307692 0.5336538461538461 0.03365384615384615 0.08173076923076923
3 0.4326923076923077 0.38341346153846156 0.027644230769230768 0.05048076923076923
3 0.4831730769230769 0.3545673076923077 0.02403846153846154 0.04807692307692308
3 0.6382211538461539 0.375 0.026442307692307692 0.06370192307692307
3 0.3016826923076923 0.4074519230769231 0.02283653846153846 0.03485576923076923