1 0.16466346153846154 0.8713942307692307 0.3293269230769231 0.25721153846153844
1 0.5673076923076923 0.5540865384615384 0.25841346153846156 0.7391826923076923
1 0.796875 0.14903846153846154 0.11658653846153846 0.17427884615384615
1 0.4326923076923077 0.14182692307692307 0.0829326923076923 0.13822115384615385
0 0.4254807692307692 0.04447115384615385 0.0625 0.08653846153846154
0 0.4699519230769231 0.020432692307692308 0.04927884615384615 0.039663461538461536
0 0.04567307692307692 0.4206730769230769 0.09134615384615384 0.27524038461538464
0 0.19471153846153846 0.08533653846153846 0.0889423076923077 0.15264423076923078
3 0.2644230769230769 0.4519230769230769 0.07572115384615384 0.16826923076923078
3 0.3894230769230769 0.40384615384615385 0.056490384615384616 0.109375
3 0.41225961538461536 0.5120192307692307 0.054086538461538464 0.16105769230769232
3 0.7139423076923077 0.4699519230769231 0.057692307692307696 0.16947115384615385
3 0.7752403846153846 0.5685096153846154 0.0673076923076923 0.1310096153846154
3 0.8329326923076923 0.7091346153846154 0.13341346153846154 0.2283653846153846