3 0.4074519230769231 0.5204326923076923 0.026442307692307692 0.078125
3 0.375 0.49278846153846156 0.02283653846153846 0.07211538461538461
3 0.4411057692307692 0.4254807692307692 0.020432692307692308 0.06129807692307692
3 0.5817307692307693 0.34134615384615385 0.018028846153846152 0.03485576923076923
3 0.6935096153846154 0.4230769230769231 0.03245192307692308 0.05889423076923077
3 0.6947115384615384 0.36538461538461536 0.016826923076923076 0.04326923076923077
3 0.44471153846153844 0.3425480769230769 0.018028846153846152 0.038461538461538464
3 0.4831730769230769 0.34375 0.015625 0.042067307692307696
0 0.7944711538461539 0.43990384615384615 0.0673076923076923 0.09014423076923077
0 0.8677884615384616 0.4963942307692308 0.08774038461538461 0.10336538461538461
0 0.3918269230769231 0.4170673076923077 0.05048076923076923 0.05889423076923077
0 0.16346153846153846 0.5336538461538461 0.12379807692307693 0.09134615384615384
0 0.36658653846153844 0.34615384615384615 0.038461538461538464 0.046875
0 0.5024038461538461 0.33533653846153844 0.03365384615384615 0.042067307692307696
0 0.4891826923076923 0.3088942307692308 0.030048076923076924 0.030048076923076924
0 0.5132211538461539 0.2920673076923077 0.018028846153846152 0.028846153846153848
1 0.5853365384615384 0.28365384615384615 0.019230769230769232 0.03365384615384615
1 0.28125 0.43509615384615385 0.0733173076923077 0.0829326923076923