0 0.828125 0.45552884615384615 0.13701923076923078 0.18629807692307693
0 0.12740384615384615 0.5216346153846154 0.13701923076923078 0.19951923076923078
0 0.3762019230769231 0.3557692307692308 0.0673076923076923 0.10817307692307693
0 0.39663461538461536 0.31850961538461536 0.036057692307692304 0.0829326923076923
0 0.4543269230769231 0.3605769230769231 0.054086538461538464 0.09375
0 0.46875 0.2704326923076923 0.015625 0.052884615384615384
0 0.6346153846153846 0.2620192307692308 0.03245192307692308 0.04447115384615385
1 0.4855769230769231 0.2692307692307692 0.055288461538461536 0.06850961538461539
1 0.43028846153846156 0.4206730769230769 0.06370192307692307 0.10817307692307693
3 0.6694711538461539 0.46274038461538464 0.0673076923076923 0.15625
3 0.5108173076923077 0.26802884615384615 0.018028846153846152 0.037259615384615384
3 0.4326923076923077 0.296875 0.02283653846153846 0.03365384615384615