0 0.8305288461538461 0.4495192307692308 0.07451923076923077 0.078125
0 0.6634615384615384 0.28966346153846156 0.026442307692307692 0.030048076923076924
0 0.5721153846153846 0.27884615384615385 0.020432692307692308 0.03125
0 0.5925480769230769 0.27403846153846156 0.021634615384615384 0.03485576923076923
3 0.6069711538461539 0.3112980769230769 0.018028846153846152 0.03485576923076923
3 0.6838942307692307 0.39783653846153844 0.019230769230769232 0.056490384615384616
3 0.9591346153846154 0.6502403846153846 0.06129807692307692 0.10336538461538461
3 0.421875 0.375 0.03125 0.052884615384615384
0 0.4831730769230769 0.3485576923076923 0.03245192307692308 0.05048076923076923
0 0.328125 0.38461538461538464 0.0625 0.04807692307692308
0 0.36658653846153844 0.3389423076923077 0.037259615384615384 0.03485576923076923
0 0.39783653846153844 0.32211538461538464 0.037259615384615384 0.03365384615384615
0 0.44711538461538464 0.3293269230769231 0.03245192307692308 0.04807692307692308
0 0.1466346153846154 0.5324519230769231 0.1141826923076923 0.1045673076923077
0 0.375 0.7608173076923077 0.12740384615384615 0.21875
1 0.1466346153846154 0.7536057692307693 0.2932692307692308 0.49158653846153844