3 0.25600961538461536 0.7872596153846154 0.056490384615384616 0.13221153846153846
3 0.43028846153846156 0.35336538461538464 0.010817307692307692 0.03365384615384615
3 0.4362980769230769 0.3161057692307692 0.009615384615384616 0.03125
0 0.8317307692307693 0.46153846153846156 0.07211538461538461 0.08653846153846154
0 0.3329326923076923 0.390625 0.04927884615384615 0.04807692307692308
0 0.47596153846153844 0.4050480769230769 0.039663461538461536 0.06971153846153846
0 0.4483173076923077 0.36538461538461536 0.025240384615384616 0.04447115384615385
0 0.5 0.32091346153846156 0.02283653846153846 0.038461538461538464
1 0.4891826923076923 0.2860576923076923 0.03365384615384615 0.05889423076923077
1 0.5733173076923077 0.2512019230769231 0.020432692307692308 0.06370192307692307
1 0.6033653846153846 0.35336538461538464 0.037259615384615384 0.09014423076923077
0 0.7163461538461539 0.4182692307692308 0.06009615384615385 0.10697115384615384