1 0.4879807692307692 0.2548076923076923 0.03365384615384615 0.06370192307692307
0 0.6526442307692307 0.45552884615384615 0.0733173076923077 0.10336538461538461
0 0.8245192307692307 0.4423076923076923 0.07572115384615384 0.07211538461538461
0 0.8846153846153846 0.5 0.10697115384615384 0.11298076923076923
0 0.2127403846153846 0.48197115384615385 0.09014423076923077 0.09495192307692307
0 0.36658653846153844 0.34134615384615385 0.038461538461538464 0.042067307692307696
0 0.3954326923076923 0.31971153846153844 0.039663461538461536 0.03485576923076923
0 0.421875 0.40384615384615385 0.04807692307692308 0.08173076923076923
3 0.35336538461538464 0.4495192307692308 0.026442307692307692 0.06370192307692307
3 0.3317307692307692 0.39783653846153844 0.037259615384615384 0.038461538461538464
0 0.48197115384615385 0.3605769230769231 0.051682692307692304 0.078125
3 0.20072115384615385 0.5829326923076923 0.038461538461538464 0.07692307692307693