0 0.3473557692307692 0.25841346153846156 0.11778846153846154 0.20432692307692307
0 0.3473557692307692 0.5901442307692307 0.17067307692307693 0.35096153846153844
0 0.8425480769230769 0.3713942307692308 0.14903846153846154 0.22355769230769232
0 0.4951923076923077 0.21754807692307693 0.08052884615384616 0.15625
0 0.4723557692307692 0.054086538461538464 0.07451923076923077 0.10817307692307693
0 0.2247596153846154 0.10697115384615384 0.09375 0.12379807692307693
3 0.5396634615384616 0.4170673076923077 0.07692307692307693 0.1971153846153846
3 0.6286057692307693 0.3870192307692308 0.05889423076923077 0.14182692307692307
3 0.7379807692307693 0.34615384615384615 0.04927884615384615 0.1466346153846154
3 0.6105769230769231 0.1935096153846154 0.03485576923076923 0.08774038461538461
3 0.5360576923076923 0.14302884615384615 0.02403846153846154 0.08173076923076923
3 0.5372596153846154 0.02403846153846154 0.019230769230769232 0.04807692307692308
0 0.1622596153846154 0.9158653846153846 0.2620192307692308 0.16826923076923078