3 0.31971153846153844 0.8545673076923077 0.09495192307692307 0.22956730769230768
3 0.9242788461538461 0.38822115384615385 0.06610576923076923 0.11057692307692307
3 0.5925480769230769 0.1466346153846154 0.038461538461538464 0.078125
3 0.5841346153846154 0.0673076923076923 0.025240384615384616 0.06610576923076923
0 0.44591346153846156 0.036057692307692304 0.05048076923076923 0.07211538461538461
0 0.41466346153846156 0.08774038461538461 0.07572115384615384 0.1201923076923077
1 0.2668269230769231 0.5168269230769231 0.20192307692307693 0.36778846153846156
1 0.5036057692307693 0.0625 0.06850961538461539 0.125
0 0.5564903846153846 0.036057692307692304 0.055288461538461536 0.07211538461538461
0 0.49158653846153844 0.17427884615384615 0.10096153846153846 0.109375
0 0.4879807692307692 0.3293269230769231 0.08533653846153846 0.21995192307692307
1 0.59375 0.6189903846153846 0.3173076923076923 0.7620192307692307