3 0.24759615384615385 0.5961538461538461 0.056490384615384616 0.13341346153846154
3 0.4519230769230769 0.5793269230769231 0.052884615384615384 0.13221153846153846
0 0.8305288461538461 0.45072115384615385 0.078125 0.08173076923076923
1 0.2644230769230769 0.7512019230769231 0.20552884615384615 0.24278846153846154
1 0.13701923076923078 0.5360576923076923 0.10336538461538461 0.1045673076923077
0 0.4026442307692308 0.45913461538461536 0.04927884615384615 0.06850961538461539
0 0.3545673076923077 0.34375 0.057692307692307696 0.039663461538461536
0 0.4567307692307692 0.41947115384615385 0.025240384615384616 0.03365384615384615
0 0.4987980769230769 0.34975961538461536 0.03125 0.055288461538461536
0 0.5132211538461539 0.32091346153846156 0.025240384615384616 0.04807692307692308
1 0.43509615384615385 0.3245192307692308 0.06009615384615385 0.07211538461538461
1 0.47836538461538464 0.28365384615384615 0.0625 0.09615384615384616