0 0.16706730769230768 0.5276442307692307 0.11778846153846154 0.17548076923076922
0 0.3233173076923077 0.40865384615384615 0.078125 0.08173076923076923
0 0.35336538461538464 0.3713942307692308 0.04807692307692308 0.08173076923076923
0 0.3701923076923077 0.3449519230769231 0.039663461538461536 0.052884615384615384
0 0.3942307692307692 0.31850961538461536 0.039663461538461536 0.0733173076923077
0 0.4951923076923077 0.30288461538461536 0.02403846153846154 0.038461538461538464
0 0.4807692307692308 0.28966346153846156 0.027644230769230768 0.03485576923076923
0 0.44711538461538464 0.28365384615384615 0.026442307692307692 0.04807692307692308
0 0.5829326923076923 0.32211538461538464 0.038461538461538464 0.07211538461538461
0 0.6274038461538461 0.26802884615384615 0.02403846153846154 0.03125
0 0.5745192307692307 0.24158653846153846 0.019230769230769232 0.020432692307692308
0 0.5901442307692307 0.2800480769230769 0.019230769230769232 0.039663461538461536
3 0.6201923076923077 0.28725961538461536 0.013221153846153846 0.052884615384615384
0 0.6418269230769231 0.4411057692307692 0.027644230769230768 0.11177884615384616
0 0.640625 0.5697115384615384 0.09495192307692307 0.16947115384615385
0 0.6658653846153846 0.7295673076923077 0.1346153846153846 0.2548076923076923
0 0.7403846153846154 0.9074519230769231 0.1875 0.18509615384615385
1 0.7271634615384616 0.49759615384615385 0.16466346153846154 0.27884615384615385
1 0.859375 0.4951923076923077 0.20793269230769232 0.2704326923076923
1 0.8822115384615384 0.7536057692307693 0.23557692307692307 0.47716346153846156
1 0.9567307692307693 0.5829326923076923 0.08653846153846154 0.23798076923076922