3 0.6165865384615384 0.46274038461538464 0.06490384615384616 0.1502403846153846
3 0.703125 0.43990384615384615 0.054086538461538464 0.09375
3 0.6430288461538461 0.3762019230769231 0.039663461538461536 0.09014423076923077
3 0.5985576923076923 0.35096153846153844 0.04326923076923077 0.07211538461538461
3 0.4495192307692308 0.33413461538461536 0.03125 0.07211538461538461
3 0.49158653846153844 0.32091346153846156 0.019230769230769232 0.055288461538461536
3 0.5060096153846154 0.29447115384615385 0.019230769230769232 0.039663461538461536
3 0.32572115384615385 0.3942307692307692 0.078125 0.08774038461538461
3 0.296875 0.5336538461538461 0.0673076923076923 0.09375
3 0.30649038461538464 0.6586538461538461 0.09254807692307693 0.12980769230769232
3 0.5793269230769231 0.29086538461538464 0.02283653846153846 0.038461538461538464
3 0.5685096153846154 0.28125 0.013221153846153846 0.038461538461538464
1 0.6189903846153846 0.2776442307692308 0.037259615384615384 0.07211538461538461
1 0.4891826923076923 0.26802884615384615 0.039663461538461536 0.06971153846153846
0 0.4675480769230769 0.2692307692307692 0.03125 0.06850961538461539
1 0.5961538461538461 0.27884615384615385 0.03245192307692308 0.07211538461538461
0 0.8425480769230769 0.4543269230769231 0.12740384615384615 0.13822115384615385
0 0.4495192307692308 0.390625 0.08533653846153846 0.1045673076923077
0 0.40384615384615385 0.3245192307692308 0.054086538461538464 0.0829326923076923
0 0.36658653846153844 0.34615384615384615 0.07692307692307693 0.09375
0 0.21754807692307693 0.4651442307692308 0.10216346153846154 0.16706730769230768
0 0.6682692307692307 0.30649038461538464 0.037259615384615384 0.06370192307692307
0 0.5637019230769231 0.25841346153846156 0.02283653846153846 0.030048076923076924