3 0.31971153846153844 0.40384615384615385 0.06370192307692307 0.15625
3 0.24879807692307693 0.43509615384615385 0.07211538461538461 0.1310096153846154
3 0.5132211538461539 0.24519230769230768 0.04927884615384615 0.08413461538461539
3 0.5216346153846154 0.17668269230769232 0.03485576923076923 0.09014423076923077
3 0.5372596153846154 0.13581730769230768 0.037259615384615384 0.08774038461538461
3 0.5661057692307693 0.11177884615384616 0.030048076923076924 0.08413461538461539
3 0.5504807692307693 0.07211538461538461 0.025240384615384616 0.0733173076923077
3 0.4579326923076923 0.038461538461538464 0.030048076923076924 0.0733173076923077
3 0.41947115384615385 0.0829326923076923 0.026442307692307692 0.06370192307692307
3 0.4795673076923077 0.10817307692307693 0.03125 0.08413461538461539
0 0.4326923076923077 0.16346153846153846 0.09375 0.12379807692307693
0 0.49399038461538464 0.36778846153846156 0.1346153846153846 0.18509615384615385
0 0.2091346153846154 0.8774038461538461 0.2956730769230769 0.24519230769230768
1 0.6670673076923077 0.8822115384615384 0.4206730769230769 0.23557692307692307
3 0.6514423076923077 0.734375 0.08052884615384616 0.17067307692307693