3 0.7307692307692307 0.40865384615384615 0.02283653846153846 0.08774038461538461
3 0.21634615384615385 0.5420673076923077 0.09014423076923077 0.11538461538461539
3 0.4879807692307692 0.3112980769230769 0.018028846153846152 0.055288461538461536
0 0.6262019230769231 0.25721153846153844 0.03365384615384615 0.026442307692307692
0 0.5012019230769231 0.2644230769230769 0.027644230769230768 0.038461538461538464
0 0.8774038461538461 0.53125 0.15865384615384615 0.21875
0 0.7355769230769231 0.36538461538461536 0.06850961538461539 0.1045673076923077
0 0.5853365384615384 0.2512019230769231 0.020432692307692308 0.04807692307692308
0 0.5709134615384616 0.24759615384615385 0.018028846153846152 0.025240384615384616
0 0.5889423076923077 0.22956730769230768 0.016826923076923076 0.026442307692307692
0 0.4014423076923077 0.6730769230769231 0.19230769230769232 0.18629807692307693
0 0.24519230769230768 0.8100961538461539 0.3088942307692308 0.25961538461538464
0 0.34615384615384615 0.46634615384615385 0.11298076923076923 0.13341346153846154
0 0.3557692307692308 0.3581730769230769 0.05048076923076923 0.0733173076923077
0 0.36899038461538464 0.33533653846153844 0.04567307692307692 0.05889423076923077
0 0.39302884615384615 0.3161057692307692 0.04567307692307692 0.051682692307692304
0 0.42788461538461536 0.34134615384615385 0.06009615384615385 0.06129807692307692
0 0.45552884615384615 0.3076923076923077 0.046875 0.06129807692307692
0 0.5144230769230769 0.28966346153846156 0.039663461538461536 0.04447115384615385
0 0.46274038461538464 0.27403846153846156 0.027644230769230768 0.042067307692307696