3 0.265625 0.8028846153846154 0.0733173076923077 0.22355769230769232
3 0.8161057692307693 0.35096153846153844 0.04807692307692308 0.10336538461538461
3 0.984375 0.5324519230769231 0.030048076923076924 0.125
3 0.7259615384615384 0.06971153846153846 0.027644230769230768 0.06009615384615385
3 0.5540865384615384 0.057692307692307696 0.026442307692307692 0.07692307692307693
3 0.3076923076923077 0.0673076923076923 0.018028846153846152 0.06610576923076923
0 0.5048076923076923 0.03365384615384615 0.06129807692307692 0.0673076923076923
0 0.5168269230769231 0.11778846153846154 0.0673076923076923 0.10697115384615384
0 0.40865384615384615 0.16105769230769232 0.06370192307692307 0.13221153846153846
0 0.3161057692307692 0.3798076923076923 0.140625 0.2091346153846154
1 0.53125 0.6526442307692307 0.27403846153846156 0.6935096153846154
1 0.7980769230769231 0.15144230769230768 0.10216346153846154 0.1658653846153846
1 0.42427884615384615 0.0673076923076923 0.06971153846153846 0.10216346153846154