0 0.5204326923076923 0.04567307692307692 0.057692307692307696 0.08533653846153846
0 0.5072115384615384 0.11899038461538461 0.06850961538461539 0.11658653846153846
0 0.3918269230769231 0.19591346153846154 0.11177884615384616 0.12980769230769232
0 0.46274038461538464 0.41466346153846156 0.11658653846153846 0.25600961538461536
0 0.2127403846153846 0.6947115384615384 0.1814903846153846 0.4362980769230769
1 0.43028846153846156 0.0733173076923077 0.06610576923076923 0.12379807692307693
1 0.7944711538461539 0.15384615384615385 0.09375 0.1622596153846154
3 0.5697115384615384 0.051682692307692304 0.027644230769230768 0.05048076923076923
3 0.5432692307692307 0.359375 0.06009615384615385 0.12379807692307693
3 0.6935096153846154 0.1875 0.040865384615384616 0.09254807692307693
3 0.53125 0.8137019230769231 0.08052884615384616 0.1814903846153846
3 0.7572115384615384 0.43509615384615385 0.052884615384615384 0.1346153846153846
3 0.9819711538461539 0.5456730769230769 0.036057692307692304 0.14423076923076922