3 0.3485576923076923 0.24759615384615385 0.05048076923076923 0.13341346153846154
3 0.14903846153846154 0.19230769230769232 0.05048076923076923 0.11899038461538461
3 0.45913461538461536 0.29927884615384615 0.06129807692307692 0.1141826923076923
3 0.5192307692307693 0.21754807692307693 0.040865384615384616 0.10216346153846154
3 0.5288461538461539 0.13581730769230768 0.036057692307692304 0.06610576923076923
3 0.4879807692307692 0.4855769230769231 0.07572115384615384 0.1658653846153846
3 0.5132211538461539 0.8858173076923077 0.11298076923076923 0.2283653846153846
3 0.6598557692307693 0.13221153846153846 0.03485576923076923 0.10096153846153846
3 0.7439903846153846 0.1658653846153846 0.037259615384615384 0.10697115384615384
3 0.9326923076923077 0.36899038461538464 0.036057692307692304 0.10096153846153846
3 0.7127403846153846 0.026442307692307692 0.05048076923076923 0.052884615384615384
0 0.5060096153846154 0.04447115384615385 0.055288461538461536 0.0889423076923077
0 0.44711538461538464 0.07091346153846154 0.07572115384615384 0.1201923076923077
0 0.33533653846153844 0.5625 0.18990384615384615 0.32572115384615385