3 0.44711538461538464 0.4387019230769231 0.0829326923076923 0.19110576923076922
3 0.4987980769230769 0.8629807692307693 0.12259615384615384 0.27283653846153844
3 0.4735576923076923 0.06490384615384616 0.026442307692307692 0.07572115384615384
3 0.7391826923076923 0.16706730769230768 0.039663461538461536 0.1045673076923077
3 0.9314903846153846 0.3641826923076923 0.05048076923076923 0.11298076923076923
3 0.7103365384615384 0.025240384615384616 0.04927884615384615 0.04927884615384615
0 0.20192307692307693 0.1622596153846154 0.0985576923076923 0.12980769230769232
0 0.41586538461538464 0.25961538461538464 0.10697115384615384 0.18028846153846154
1 0.08774038461538461 0.14302884615384615 0.11538461538461539 0.16346153846153846
1 0.1935096153846154 0.7091346153846154 0.3870192307692308 0.5817307692307693
0 0.057692307692307696 0.3485576923076923 0.11538461538461539 0.25721153846153844