0 0.14783653846153846 0.5396634615384616 0.11778846153846154 0.10697115384615384
0 0.3293269230769231 0.38822115384615385 0.056490384615384616 0.05048076923076923
0 0.36538461538461536 0.3473557692307692 0.04447115384615385 0.03485576923076923
0 0.3942307692307692 0.3245192307692308 0.037259615384615384 0.03125
0 0.5 0.34134615384615385 0.03485576923076923 0.04326923076923077
0 0.6069711538461539 0.36778846153846156 0.04326923076923077 0.06009615384615385
0 0.6213942307692307 0.45072115384615385 0.05889423076923077 0.07451923076923077
0 0.8317307692307693 0.4519230769230769 0.08173076923076923 0.08173076923076923
0 0.5733173076923077 0.3088942307692308 0.021634615384615384 0.042067307692307696
0 0.5793269230769231 0.2824519230769231 0.015625 0.025240384615384616
0 0.6634615384615384 0.30528846153846156 0.038461538461538464 0.03365384615384615
3 0.33533653846153844 0.8413461538461539 0.06129807692307692 0.1502403846153846
3 0.4254807692307692 0.47115384615384615 0.03245192307692308 0.06370192307692307
3 0.46274038461538464 0.3557692307692308 0.019230769230769232 0.038461538461538464
3 0.6778846153846154 0.4182692307692308 0.02283653846153846 0.06370192307692307
3 0.734375 0.5192307692307693 0.03125 0.07451923076923077
3 0.6394230769230769 0.3581730769230769 0.020432692307692308 0.05048076923076923
3 0.6033653846153846 0.32211538461538464 0.018028846153846152 0.030048076923076924