0 0.8834134615384616 0.49038461538461536 0.15144230769230768 0.17548076923076922
0 0.9627403846153846 0.5805288461538461 0.0733173076923077 0.15625
0 0.6262019230769231 0.3942307692307692 0.07572115384615384 0.09495192307692307
0 0.5685096153846154 0.3269230769230769 0.027644230769230768 0.056490384615384616
0 0.5889423076923077 0.2932692307692308 0.016826923076923076 0.046875
0 0.5769230769230769 0.2956730769230769 0.025240384615384616 0.051682692307692304
0 0.5733173076923077 0.24278846153846154 0.009615384615384616 0.03485576923076923
0 0.3641826923076923 0.3485576923076923 0.055288461538461536 0.08653846153846154
1 0.4879807692307692 0.3088942307692308 0.03245192307692308 0.04447115384615385
0 0.41466346153846156 0.31971153846153844 0.057692307692307696 0.07451923076923077
1 0.2920673076923077 0.4326923076923077 0.11298076923076923 0.11778846153846154
0 0.39302884615384615 0.31971153846153844 0.018028846153846152 0.08173076923076923
0 0.5841346153846154 0.2512019230769231 0.018028846153846152 0.037259615384615384
1 0.6117788461538461 0.3112980769230769 0.04326923076923077 0.09134615384615384
3 0.6009615384615384 0.4411057692307692 0.036057692307692304 0.09495192307692307
3 0.9314903846153846 0.7391826923076923 0.11057692307692307 0.2512019230769231
3 0.6021634615384616 0.2608173076923077 0.020432692307692308 0.03125