3 0.5769230769230769 0.32211538461538464 0.03125 0.04807692307692308
3 0.5637019230769231 0.2860576923076923 0.015625 0.03485576923076923
3 0.5997596153846154 0.2956730769230769 0.015625 0.038461538461538464
3 0.6153846153846154 0.2848557692307692 0.014423076923076924 0.052884615384615384
3 0.5853365384615384 0.2644230769230769 0.021634615384615384 0.03365384615384615
3 0.5925480769230769 0.25240384615384615 0.010817307692307692 0.042067307692307696
3 0.33653846153846156 0.39302884615384615 0.040865384615384616 0.06850961538461539
0 0.1971153846153846 0.47716346153846156 0.1346153846153846 0.13942307692307693
0 0.6658653846153846 0.5276442307692307 0.109375 0.1778846153846154
0 0.5997596153846154 0.36778846153846156 0.051682692307692304 0.09375
0 0.8209134615384616 0.43990384615384615 0.08173076923076923 0.1466346153846154
0 0.8966346153846154 0.5120192307692307 0.12860576923076922 0.14302884615384615
0 0.4831730769230769 0.33533653846153844 0.051682692307692304 0.08533653846153846
0 0.36658653846153844 0.3581730769230769 0.056490384615384616 0.09975961538461539
0 0.390625 0.3233173076923077 0.05048076923076923 0.09375
0 0.46634615384615385 0.2704326923076923 0.036057692307692304 0.06850961538461539
1 0.6574519230769231 0.34375 0.08413461538461539 0.16466346153846154
1 0.5096153846153846 0.25721153846153844 0.037259615384615384 0.08173076923076923
3 0.5769230769230769 0.23798076923076922 0.009615384615384616 0.037259615384615384
3 0.296875 0.40865384615384615 0.04447115384615385 0.06610576923076923