0 0.09014423076923077 0.6225961538461539 0.18028846153846154 0.11538461538461539
0 0.4807692307692308 0.38461538461538464 0.04447115384615385 0.056490384615384616
0 0.35216346153846156 0.359375 0.051682692307692304 0.038461538461538464
0 0.3942307692307692 0.3245192307692308 0.03485576923076923 0.039663461538461536
0 0.5769230769230769 0.31490384615384615 0.025240384615384616 0.039663461538461536
0 0.5889423076923077 0.2860576923076923 0.02403846153846154 0.028846153846153848
0 0.6177884615384616 0.27524038461538464 0.021634615384615384 0.020432692307692308
0 0.5949519230769231 0.36658653846153844 0.037259615384615384 0.056490384615384616
0 0.6021634615384616 0.41225961538461536 0.04447115384615385 0.06971153846153846
0 0.6213942307692307 0.4495192307692308 0.057692307692307696 0.06971153846153846
0 0.6442307692307693 0.53125 0.07932692307692307 0.10817307692307693
0 0.6598557692307693 0.6634615384615384 0.11057692307692307 0.18389423076923078
0 0.7764423076923077 0.6935096153846154 0.12379807692307693 0.1971153846153846
0 0.7872596153846154 0.5552884615384616 0.11057692307692307 0.11177884615384616
0 0.8149038461538461 0.9266826923076923 0.16706730769230768 0.1466346153846154
0 0.8990384615384616 0.6682692307692307 0.15985576923076922 0.21033653846153846
0 0.8677884615384616 0.4855769230769231 0.09615384615384616 0.09975961538461539
0 0.8449519230769231 0.5360576923076923 0.11899038461538461 0.10817307692307693
1 0.49038461538461536 0.3088942307692308 0.028846153846153848 0.04326923076923077
1 0.3762019230769231 0.4074519230769231 0.06009615384615385 0.06850961538461539
3 0.2800480769230769 0.5048076923076923 0.04567307692307692 0.06610576923076923
3 0.5649038461538461 0.40024038461538464 0.019230769230769232 0.055288461538461536
0 0.6682692307692307 0.3798076923076923 0.055288461538461536 0.09615384615384616
0 0.6947115384615384 0.47716346153846156 0.06971153846153846 0.1045673076923077
0 0.7211538461538461 0.4338942307692308 0.057692307692307696 0.08533653846153846
3 0.9771634615384616 0.6658653846153846 0.04447115384615385 0.11177884615384616
3 0.4567307692307692 0.32211538461538464 0.018028846153846152 0.037259615384615384
0 0.4362980769230769 0.31490384615384615 0.025240384615384616 0.03365384615384615