0 0.15745192307692307 0.19230769230769232 0.12259615384615384 0.13942307692307693
0 0.42788461538461536 0.18870192307692307 0.10096153846153846 0.13701923076923078
0 0.4831730769230769 0.3245192307692308 0.10817307692307693 0.19951923076923078
0 0.44350961538461536 0.03245192307692308 0.06009615384615385 0.06490384615384616
0 0.8942307692307693 0.4074519230769231 0.15745192307692307 0.25841346153846156
3 0.5540865384615384 0.0673076923076923 0.025240384615384616 0.07572115384615384
3 0.5396634615384616 0.22115384615384615 0.040865384615384616 0.11538461538461539
3 0.6274038461538461 0.1346153846153846 0.037259615384615384 0.1045673076923077
3 0.5685096153846154 0.6358173076923077 0.09254807692307693 0.19831730769230768
0 0.125 0.8329326923076923 0.25 0.3293269230769231
1 0.5324519230769231 0.8569711538461539 0.4519230769230769 0.2848557692307692