0 0.35697115384615385 0.8521634615384616 0.16105769230769232 0.25961538461538464
0 0.7283653846153846 0.8725961538461539 0.18870192307692307 0.2548076923076923
1 0.671875 0.6646634615384616 0.12860576923076922 0.203125
1 0.7788461538461539 0.6069711538461539 0.12379807692307693 0.18028846153846154
0 0.8774038461538461 0.8100961538461539 0.16947115384615385 0.24639423076923078
0 0.8810096153846154 0.625 0.125 0.15384615384615385
0 0.040865384615384616 0.9098557692307693 0.08173076923076923 0.18028846153846154
0 0.6177884615384616 0.5252403846153846 0.0625 0.11778846153846154
0 0.5973557692307693 0.44471153846153844 0.042067307692307696 0.08052884615384616
0 0.8701923076923077 0.49278846153846156 0.08173076923076923 0.10216346153846154
0 0.9615384615384616 0.7451923076923077 0.07692307692307693 0.18028846153846154
1 0.9675480769230769 0.9074519230769231 0.06490384615384616 0.18509615384615385
1 0.6923076923076923 0.5144230769230769 0.06490384615384616 0.11538461538461539
1 0.4807692307692308 0.3473557692307692 0.037259615384615384 0.051682692307692304
1 0.37259615384615385 0.3557692307692308 0.054086538461538464 0.042067307692307696
0 0.39783653846153844 0.3269230769230769 0.02283653846153846 0.03365384615384615
0 0.4423076923076923 0.31971153846153844 0.02283653846153846 0.03485576923076923
1 0.6754807692307693 0.3581730769230769 0.08533653846153846 0.17307692307692307
1 0.5805288461538461 0.37259615384615385 0.037259615384615384 0.06850961538461539
0 0.6189903846153846 0.36899038461538464 0.030048076923076924 0.06129807692307692
0 0.6117788461538461 0.3317307692307692 0.02403846153846154 0.030048076923076924
0 0.5733173076923077 0.30408653846153844 0.018028846153846152 0.03485576923076923
0 0.5865384615384616 0.27283653846153844 0.009615384615384616 0.028846153846153848
0 0.5673076923076923 0.27884615384615385 0.007211538461538462 0.02283653846153846
3 0.22355769230769232 0.7896634615384616 0.05048076923076923 0.14302884615384615