0 0.4014423076923077 0.44711538461538464 0.07692307692307693 0.12620192307692307
0 0.1201923076923077 0.5432692307692307 0.2403846153846154 0.1346153846153846
0 0.8245192307692307 0.4543269230769231 0.0829326923076923 0.1346153846153846
0 0.6682692307692307 0.296875 0.037259615384615384 0.039663461538461536
0 0.5829326923076923 0.28125 0.021634615384615384 0.04326923076923077
0 0.5865384615384616 0.26802884615384615 0.02403846153846154 0.028846153846153848
0 0.4951923076923077 0.2920673076923077 0.020432692307692308 0.038461538461538464
0 0.5 0.2704326923076923 0.02403846153846154 0.03365384615384615
0 0.48197115384615385 0.25961538461538464 0.020432692307692308 0.03485576923076923
0 0.40024038461538464 0.3233173076923077 0.036057692307692304 0.06370192307692307
0 0.36538461538461536 0.33774038461538464 0.07211538461538461 0.06610576923076923
0 0.3293269230769231 0.38221153846153844 0.07692307692307693 0.0829326923076923
3 0.4543269230769231 0.37259615384615385 0.026442307692307692 0.07451923076923077
3 0.44591346153846156 0.33653846153846156 0.02283653846153846 0.046875
0 0.6334134615384616 0.2644230769230769 0.020432692307692308 0.04326923076923077
0 0.5685096153846154 0.2512019230769231 0.03245192307692308 0.046875
0 0.4675480769230769 0.2608173076923077 0.027644230769230768 0.04807692307692308