3 0.6802884615384616 0.6346153846153846 0.06610576923076923 0.203125
3 0.8149038461538461 0.6646634615384616 0.09615384615384616 0.21875
3 0.6742788461538461 0.42788461538461536 0.039663461538461536 0.09495192307692307
3 0.5805288461538461 0.33052884615384615 0.021634615384615384 0.06009615384615385
3 0.6105769230769231 0.3245192307692308 0.039663461538461536 0.04447115384615385
3 0.5877403846153846 0.2860576923076923 0.010817307692307692 0.03125
3 0.6045673076923077 0.27283653846153844 0.018028846153846152 0.028846153846153848
3 0.5829326923076923 0.25600961538461536 0.014423076923076924 0.03485576923076923
3 0.5913461538461539 0.25240384615384615 0.010817307692307692 0.021634615384615384
3 0.4891826923076923 0.33413461538461536 0.016826923076923076 0.04447115384615385
3 0.49038461538461536 0.25600961538461536 0.007211538461538462 0.021634615384615384
0 0.5733173076923077 0.24759615384615385 0.016826923076923076 0.025240384615384616
0 0.5745192307692307 0.2800480769230769 0.02403846153846154 0.037259615384615384
1 0.6165865384615384 0.27163461538461536 0.028846153846153848 0.0733173076923077
0 0.59375 0.23918269230769232 0.015625 0.03125
0 0.6646634615384616 0.2956730769230769 0.039663461538461536 0.07211538461538461
0 0.6177884615384616 0.35697115384615385 0.04927884615384615 0.06370192307692307
0 0.8389423076923077 0.43990384615384615 0.1045673076923077 0.11658653846153846
0 0.3629807692307692 0.3401442307692308 0.046875 0.06610576923076923
0 0.39663461538461536 0.32091346153846156 0.04447115384615385 0.06850961538461539
0 0.23677884615384615 0.49158653846153844 0.14903846153846154 0.12980769230769232
1 0.4026442307692308 0.4098557692307692 0.14182692307692307 0.18990384615384615
0 0.46875 0.2704326923076923 0.042067307692307696 0.052884615384615384