0 0.13221153846153846 0.5336538461538461 0.21995192307692307 0.21995192307692307
0 0.33653846153846156 0.38822115384615385 0.07572115384615384 0.11057692307692307
0 0.3605769230769231 0.3389423076923077 0.07211538461538461 0.07451923076923077
0 0.44591346153846156 0.2848557692307692 0.04326923076923077 0.0733173076923077
0 0.8377403846153846 0.4495192307692308 0.1346153846153846 0.1466346153846154
0 0.6766826923076923 0.3125 0.054086538461538464 0.10216346153846154
0 0.6418269230769231 0.27403846153846156 0.03365384615384615 0.051682692307692304
0 0.6310096153846154 0.2536057692307692 0.025240384615384616 0.03365384615384615
0 0.4651442307692308 0.2620192307692308 0.037259615384615384 0.056490384615384616
3 0.6033653846153846 0.29927884615384615 0.025240384615384616 0.05889423076923077
3 0.6069711538461539 0.2692307692307692 0.016826923076923076 0.028846153846153848