0 0.34375 0.3762019230769231 0.17668269230769232 0.28125
0 0.22235576923076922 0.7415865384615384 0.24639423076923078 0.38461538461538464
0 0.5036057692307693 0.6514423076923077 0.18269230769230768 0.30288461538461536
0 0.5492788461538461 0.38100961538461536 0.12379807692307693 0.19831730769230768
0 0.7043269230769231 0.42427884615384615 0.12259615384615384 0.22716346153846154
0 0.6490384615384616 0.8942307692307693 0.22115384615384615 0.21153846153846154
0 0.4014423076923077 0.14302884615384615 0.08653846153846154 0.11899038461538461
0 0.4375 0.08173076923076923 0.051682692307692304 0.078125
0 0.4423076923076923 0.03125 0.054086538461538464 0.046875
1 0.5444711538461539 0.14903846153846154 0.14543269230769232 0.2824519230769231
1 0.20432692307692307 0.08774038461538461 0.18870192307692307 0.17427884615384615
3 0.7103365384615384 0.18870192307692307 0.038461538461538464 0.0985576923076923
3 0.6887019230769231 0.28125 0.051682692307692304 0.0889423076923077
3 0.796875 0.828125 0.0889423076923077 0.25