3 0.4735576923076923 0.31971153846153844 0.015625 0.03485576923076923
3 0.34134615384615385 0.39663461538461536 0.028846153846153848 0.037259615384615384
0 0.890625 0.8545673076923077 0.21875 0.28966346153846156
0 0.7788461538461539 0.6514423076923077 0.13581730769230768 0.17668269230769232
0 0.7307692307692307 0.5132211538461539 0.08533653846153846 0.11057692307692307
0 0.671875 0.45552884615384615 0.0673076923076923 0.08653846153846154
0 0.5949519230769231 0.38822115384615385 0.04807692307692308 0.09014423076923077
0 0.6045673076923077 0.33052884615384615 0.03245192307692308 0.04326923076923077
0 0.36538461538461536 0.3425480769230769 0.037259615384615384 0.042067307692307696
0 0.39302884615384615 0.32211538461538464 0.03485576923076923 0.04447115384615385
0 0.4338942307692308 0.3269230769230769 0.036057692307692304 0.039663461538461536
0 0.7355769230769231 0.8305288461538461 0.17067307692307693 0.33774038461538464
1 0.5925480769230769 0.2692307692307692 0.027644230769230768 0.04807692307692308
0 0.6658653846153846 0.2956730769230769 0.02283653846153846 0.03485576923076923