0 0.12740384615384615 0.29927884615384615 0.13822115384615385 0.16105769230769232
0 0.29086538461538464 0.49399038461538464 0.18389423076923078 0.2548076923076923
0 0.49158653846153844 0.3798076923076923 0.12740384615384615 0.1875
1 0.38100961538461536 0.7487980769230769 0.22956730769230768 0.5024038461538461
3 0.18269230769230768 0.18870192307692307 0.051682692307692304 0.0985576923076923
3 0.4567307692307692 0.0985576923076923 0.04567307692307692 0.09495192307692307
3 0.8076923076923077 0.1658653846153846 0.04927884615384615 0.078125
3 0.9350961538461539 0.38100961538461536 0.04807692307692308 0.09975961538461539
3 0.7163461538461539 0.030048076923076924 0.038461538461538464 0.04807692307692308
1 0.6622596153846154 0.8725961538461539 0.4375 0.2548076923076923
3 0.9591346153846154 0.8737980769230769 0.08173076923076923 0.25240384615384615