3 0.30528846153846156 0.5144230769230769 0.04927884615384615 0.13822115384615385
3 0.3449519230769231 0.40024038461538464 0.039663461538461536 0.06610576923076923
3 0.30288461538461536 0.41225961538461536 0.04326923076923077 0.06129807692307692
0 0.8173076923076923 0.44711538461538464 0.11778846153846154 0.1935096153846154
0 0.8954326923076923 0.4963942307692308 0.12259615384615384 0.14302884615384615
0 0.6682692307692307 0.3016826923076923 0.051682692307692304 0.07692307692307693
0 0.40625 0.32211538461538464 0.0625 0.08173076923076923
0 0.37740384615384615 0.34615384615384615 0.07211538461538461 0.08653846153846154
0 0.31850961538461536 0.8401442307692307 0.27403846153846156 0.31971153846153844
0 0.46153846153846156 0.2644230769230769 0.025240384615384616 0.046875
0 0.49158653846153844 0.27283653846153844 0.027644230769230768 0.042067307692307696