0 0.15264423076923078 0.5252403846153846 0.17067307692307693 0.16466346153846154
0 0.32091346153846156 0.41225961538461536 0.0889423076923077 0.1201923076923077
0 0.35336538461538464 0.359375 0.051682692307692304 0.06850961538461539
0 0.37259615384615385 0.33774038461538464 0.06129807692307692 0.07211538461538461
0 0.39663461538461536 0.3137019230769231 0.04567307692307692 0.06850961538461539
0 0.45072115384615385 0.3629807692307692 0.051682692307692304 0.07211538461538461
0 0.43990384615384615 0.3137019230769231 0.036057692307692304 0.055288461538461536
0 0.4495192307692308 0.28125 0.04326923076923077 0.06610576923076923
0 0.5108173076923077 0.2620192307692308 0.02283653846153846 0.042067307692307696
0 0.5661057692307693 0.27283653846153844 0.021634615384615384 0.051682692307692304
0 0.6310096153846154 0.2692307692307692 0.021634615384615384 0.04447115384615385
0 0.6334134615384616 0.5516826923076923 0.08774038461538461 0.16346153846153846
0 0.6490384615384616 0.7235576923076923 0.12980769230769232 0.23677884615384615
0 0.7283653846153846 0.8978365384615384 0.1875 0.203125
1 0.8737980769230769 0.7620192307692307 0.25240384615384615 0.421875
1 0.9591346153846154 0.6105769230769231 0.08173076923076923 0.21514423076923078
1 0.8725961538461539 0.5 0.21754807692307693 0.24639423076923078
1 0.7103365384615384 0.46274038461538464 0.15625 0.203125
0 0.6394230769230769 0.4110576923076923 0.04927884615384615 0.10817307692307693
0 0.5877403846153846 0.27163461538461536 0.02283653846153846 0.06370192307692307
3 0.6658653846153846 0.3389423076923077 0.037259615384615384 0.07451923076923077
3 0.6009615384615384 0.265625 0.02283653846153846 0.04447115384615385
3 0.6081730769230769 0.2536057692307692 0.009615384615384616 0.03485576923076923