3 0.84375 0.5973557692307693 0.0889423076923077 0.19471153846153846
3 0.5829326923076923 0.3016826923076923 0.018028846153846152 0.052884615384615384
3 0.33533653846153844 0.3918269230769231 0.040865384615384616 0.08052884615384616
0 0.8966346153846154 0.5204326923076923 0.11899038461538461 0.203125
0 0.8161057692307693 0.4411057692307692 0.11538461538461539 0.15625
0 0.6706730769230769 0.30649038461538464 0.04807692307692308 0.08052884615384616
0 0.5769230769230769 0.24519230769230768 0.02403846153846154 0.02283653846153846
0 0.5853365384615384 0.25961538461538464 0.014423076923076924 0.030048076923076924
0 0.39663461538461536 0.3245192307692308 0.037259615384615384 0.06129807692307692
0 0.36658653846153844 0.3401442307692308 0.054086538461538464 0.09014423076923077
0 0.45913461538461536 0.26802884615384615 0.03245192307692308 0.051682692307692304