0 0.4879807692307692 0.35336538461538464 0.03485576923076923 0.056490384615384616
0 0.3485576923076923 0.35697115384615385 0.03245192307692308 0.028846153846153848
0 0.40865384615384615 0.3269230769230769 0.042067307692307696 0.021634615384615384
0 0.45552884615384615 0.34975961538461536 0.03245192307692308 0.042067307692307696
1 0.45913461538461536 0.49158653846153844 0.052884615384615384 0.10336538461538461
0 0.8846153846153846 0.6262019230769231 0.15625 0.19471153846153846
0 0.8629807692307693 0.4855769230769231 0.0985576923076923 0.0985576923076923
0 0.5805288461538461 0.2920673076923077 0.019230769230769232 0.04807692307692308
0 0.5673076923076923 0.27403846153846156 0.02283653846153846 0.021634615384615384
3 0.30649038461538464 0.5228365384615384 0.039663461538461536 0.08052884615384616
3 0.2608173076923077 0.47475961538461536 0.04447115384615385 0.0829326923076923
3 0.22716346153846154 0.7872596153846154 0.07091346153846154 0.13942307692307693
3 0.6370192307692307 0.5396634615384616 0.0673076923076923 0.13942307692307693
3 0.7115384615384616 0.6887019230769231 0.06009615384615385 0.09495192307692307
3 0.7800480769230769 0.6646634615384616 0.07572115384615384 0.15865384615384615
3 0.6153846153846154 0.33533653846153844 0.028846153846153848 0.056490384615384616
0 0.5084134615384616 0.2692307692307692 0.015625 0.03125