3 0.41346153846153844 0.7596153846153846 0.09615384615384616 0.1622596153846154
3 0.4050480769230769 0.6370192307692307 0.08413461538461539 0.1502403846153846
3 0.6550480769230769 0.35216346153846156 0.040865384615384616 0.10216346153846154
3 0.6009615384615384 0.3076923076923077 0.03245192307692308 0.05889423076923077
3 0.4795673076923077 0.38100961538461536 0.042067307692307696 0.078125
3 0.45913461538461536 0.34975961538461536 0.030048076923076924 0.06129807692307692
3 0.5036057692307693 0.30408653846153844 0.027644230769230768 0.05889423076923077
0 0.8858173076923077 0.5108173076923077 0.20072115384615385 0.2283653846153846
0 0.7415865384615384 0.38221153846153844 0.0733173076923077 0.10817307692307693
0 0.5769230769230769 0.2848557692307692 0.03125 0.046875
0 0.6298076923076923 0.25841346153846156 0.02283653846153846 0.05048076923076923
0 0.23798076923076922 0.6670673076923077 0.171875 0.24639423076923078
0 0.37259615384615385 0.35096153846153844 0.06370192307692307 0.1045673076923077
0 0.39302884615384615 0.3245192307692308 0.04567307692307692 0.07211538461538461
0 0.46875 0.3004807692307692 0.02283653846153846 0.038461538461538464
0 0.5108173076923077 0.2800480769230769 0.03125 0.039663461538461536
0 0.5060096153846154 0.2536057692307692 0.02283653846153846 0.03485576923076923
0 0.4855769230769231 0.2668269230769231 0.030048076923076924 0.03365384615384615