0 0.2692307692307692 0.5288461538461539 0.11658653846153846 0.1466346153846154
1 0.5036057692307693 0.4579326923076923 0.36538461538461536 0.35336538461538464
3 0.7115384615384616 0.484375 0.030048076923076924 0.057692307692307696
3 0.7788461538461539 0.4879807692307692 0.02283653846153846 0.051682692307692304
3 0.8040865384615384 0.4855769230769231 0.018028846153846152 0.038461538461538464
0 0.8245192307692307 0.4807692307692308 0.027644230769230768 0.036057692307692304
3 0.8509615384615384 0.4855769230769231 0.008413461538461538 0.026442307692307692
3 0.8605769230769231 0.484375 0.008413461538461538 0.020432692307692308
0 0.8737980769230769 0.47716346153846156 0.009615384615384616 0.03485576923076923
1 0.8990384615384616 0.46634615384615385 0.046875 0.055288461538461536
1 0.9338942307692307 0.4579326923076923 0.02403846153846154 0.02283653846153846