1 0.6274038461538461 0.6358173076923077 0.33653846153846156 0.7283653846153846
1 0.42788461538461536 0.06971153846153846 0.11778846153846154 0.13942307692307693
0 0.18389423076923078 0.14182692307692307 0.12259615384615384 0.16346153846153846
0 0.7127403846153846 0.20552884615384615 0.0985576923076923 0.140625
1 0.5372596153846154 0.06009615384615385 0.06370192307692307 0.11899038461538461
1 0.3858173076923077 0.18509615384615385 0.09134615384615384 0.171875
1 0.38461538461538464 0.46033653846153844 0.15745192307692307 0.31850961538461536
0 0.3269230769230769 0.3389423076923077 0.12740384615384615 0.19230769230769232
0 0.5625 0.17668269230769232 0.06850961538461539 0.13822115384615385
0 0.48677884615384615 0.21634615384615385 0.10216346153846154 0.16947115384615385
3 0.609375 0.16346153846153846 0.03125 0.06971153846153846
3 0.5793269230769231 0.046875 0.03125 0.08653846153846154