3 0.9819711538461539 0.5288461538461539 0.036057692307692304 0.12259615384615384
3 0.6262019230769231 0.21153846153846154 0.038461538461538464 0.09375
3 0.5709134615384616 0.038461538461538464 0.026442307692307692 0.057692307692307696
3 0.5480769230769231 0.04326923076923077 0.025240384615384616 0.06370192307692307
3 0.2848557692307692 0.45913461538461536 0.07692307692307693 0.08774038461538461
3 0.5336538461538461 0.6574519230769231 0.078125 0.10817307692307693
0 0.10096153846153846 0.32572115384615385 0.14543269230769232 0.1658653846153846
1 0.23076923076923078 0.7199519230769231 0.24759615384615385 0.4362980769230769
1 0.7908653846153846 0.15384615384615385 0.10096153846153846 0.17908653846153846
1 0.5552884615384616 0.14543269230769232 0.06850961538461539 0.15865384615384615
0 0.45072115384615385 0.17548076923076922 0.07932692307692307 0.14903846153846154