1 0.578125 0.7512019230769231 0.3954326923076923 0.4963942307692308
1 0.3233173076923077 0.3245192307692308 0.2776442307692308 0.546875
0 0.5576923076923077 0.03365384615384615 0.056490384615384616 0.0673076923076923
0 0.5480769230769231 0.08533653846153846 0.06009615384615385 0.07091346153846154
0 0.5384615384615384 0.14543269230769232 0.0673076923076923 0.10096153846153846
1 0.546875 0.31009615384615385 0.11177884615384616 0.234375
1 0.14423076923076922 0.8076923076923077 0.2860576923076923 0.38341346153846156
0 0.71875 0.4411057692307692 0.1201923076923077 0.21875
3 0.640625 0.2247596153846154 0.03125 0.07692307692307693
3 0.625 0.31490384615384615 0.037259615384615384 0.09975961538461539
3 0.6574519230769231 0.36538461538461536 0.025240384615384616 0.07451923076923077
3 0.8233173076923077 0.4338942307692308 0.04927884615384615 0.10336538461538461
3 0.8533653846153846 0.38822115384615385 0.040865384615384616 0.09615384615384616
0 0.21514423076923078 0.1141826923076923 0.09375 0.109375
3 0.13221153846153846 0.12620192307692307 0.04447115384615385 0.06971153846153846
0 0.4519230769230769 0.04927884615384615 0.056490384615384616 0.09254807692307693