0 0.41225961538461536 0.3245192307692308 0.04326923076923077 0.06610576923076923
0 0.3894230769230769 0.31971153846153844 0.03245192307692308 0.056490384615384616
0 0.12259615384615384 0.6153846153846154 0.24519230769230768 0.16826923076923078
1 0.3004807692307692 0.4362980769230769 0.12620192307692307 0.13822115384615385
3 0.1814903846153846 0.8449519230769231 0.12139423076923077 0.31009615384615385
3 0.9519230769230769 0.7211538461538461 0.09615384615384616 0.1875
0 0.8317307692307693 0.7367788461538461 0.20072115384615385 0.3161057692307692
0 0.8798076923076923 0.5060096153846154 0.14302884615384615 0.171875
0 0.5721153846153846 0.28125 0.020432692307692308 0.04326923076923077
0 0.5913461538461539 0.28125 0.02403846153846154 0.056490384615384616
3 0.59375 0.25961538461538464 0.016826923076923076 0.027644230769230768
0 0.6286057692307693 0.2668269230769231 0.018028846153846152 0.04567307692307692
0 0.3641826923076923 0.35216346153846156 0.07932692307692307 0.10697115384615384