3 0.20673076923076922 0.7175480769230769 0.09254807692307693 0.1778846153846154
3 0.3088942307692308 0.8028846153846154 0.07091346153846154 0.20673076923076922
3 0.3449519230769231 0.5865384615384616 0.07091346153846154 0.11057692307692307
3 0.4182692307692308 0.4387019230769231 0.027644230769230768 0.09134615384615384
3 0.4543269230769231 0.4519230769230769 0.04447115384615385 0.07211538461538461
3 0.43509615384615385 0.39302884615384615 0.02283653846153846 0.06971153846153846
3 0.44591346153846156 0.3954326923076923 0.019230769230769232 0.052884615384615384
3 0.453125 0.3762019230769231 0.026442307692307692 0.056490384615384616
3 0.4651442307692308 0.3485576923076923 0.015625 0.052884615384615384
3 0.4675480769230769 0.3245192307692308 0.014423076923076924 0.04447115384615385
3 0.4879807692307692 0.33653846153846156 0.019230769230769232 0.026442307692307692
3 0.5072115384615384 0.3545673076923077 0.021634615384615384 0.038461538461538464
3 0.5120192307692307 0.296875 0.02283653846153846 0.06009615384615385
3 0.5012019230769231 0.28966346153846156 0.014423076923076924 0.04807692307692308
3 0.4699519230769231 0.3088942307692308 0.021634615384615384 0.04807692307692308
0 0.21153846153846154 0.4675480769230769 0.08173076923076923 0.14543269230769232
0 0.6274038461538461 0.2620192307692308 0.02283653846153846 0.030048076923076924
1 0.5889423076923077 0.23557692307692307 0.028846153846153848 0.04447115384615385
0 0.5853365384615384 0.24639423076923078 0.030048076923076924 0.042067307692307696
0 0.5805288461538461 0.2620192307692308 0.02283653846153846 0.04326923076923077
0 0.7331730769230769 0.3786057692307692 0.0889423076923077 0.09134615384615384
0 0.8846153846153846 0.5036057692307693 0.13942307692307693 0.21875
0 0.484375 0.5492788461538461 0.10336538461538461 0.16826923076923078
0 0.5048076923076923 0.4014423076923077 0.06971153846153846 0.056490384615384616
0 0.5048076923076923 0.3173076923076923 0.027644230769230768 0.04447115384615385
0 0.44471153846153844 0.3269230769230769 0.07451923076923077 0.07451923076923077
0 0.4050480769230769 0.40024038461538464 0.08653846153846154 0.11778846153846154
0 0.3557692307692308 0.37259615384615385 0.06850961538461539 0.08173076923076923
0 0.37740384615384615 0.34134615384615385 0.046875 0.07451923076923077
0 0.4098557692307692 0.32572115384615385 0.06129807692307692 0.078125