0 0.2980769230769231 0.6574519230769231 0.2668269230769231 0.4362980769230769
0 0.9002403846153846 0.41466346153846156 0.19951923076923078 0.2668269230769231
3 0.5348557692307693 0.8786057692307693 0.10817307692307693 0.24278846153846154
3 0.59375 0.703125 0.12860576923076922 0.296875
3 0.4639423076923077 0.6298076923076923 0.09134615384615384 0.26322115384615385
3 0.34975961538461536 0.3401442307692308 0.057692307692307696 0.15985576923076922
3 0.41947115384615385 0.21514423076923078 0.056490384615384616 0.15384615384615385
3 0.5492788461538461 0.12860576923076922 0.06129807692307692 0.11899038461538461
3 0.625 0.35697115384615385 0.0673076923076923 0.15745192307692307
3 0.6225961538461539 0.4963942307692308 0.09014423076923077 0.14423076923076922
3 0.5288461538461539 0.45913461538461536 0.06370192307692307 0.17908653846153846
3 0.4326923076923077 0.4014423076923077 0.078125 0.1502403846153846