1 0.3317307692307692 0.3701923076923077 0.2920673076923077 0.6346153846153846
1 0.5024038461538461 0.040865384615384616 0.0985576923076923 0.08173076923076923
0 0.5444711538461539 0.39663461538461536 0.14543269230769232 0.22956730769230768
0 0.18269230769230768 0.8389423076923077 0.30528846153846156 0.30649038461538464
0 0.5336538461538461 0.8137019230769231 0.2548076923076923 0.3713942307692308
0 0.6838942307692307 0.06009615384615385 0.06850961538461539 0.10817307692307693
0 0.234375 0.1141826923076923 0.09254807692307693 0.11298076923076923
0 0.06971153846153846 0.3786057692307692 0.13942307692307693 0.2091346153846154
3 0.13581730769230768 0.16706730769230768 0.04326923076923077 0.11538461538461539
3 0.9278846153846154 0.3641826923076923 0.06009615384615385 0.078125
3 0.7247596153846154 0.037259615384615384 0.036057692307692304 0.07451923076923077
1 0.7992788461538461 0.140625 0.10697115384615384 0.140625