3 0.6117788461538461 0.296875 0.016826923076923076 0.030048076923076924
0 0.8894230769230769 0.5120192307692307 0.09014423076923077 0.0985576923076923
0 0.36899038461538464 0.35096153846153844 0.038461538461538464 0.04447115384615385
0 0.3918269230769231 0.3125 0.026442307692307692 0.051682692307692304
0 0.4639423076923077 0.32572115384615385 0.037259615384615384 0.051682692307692304
0 0.49158653846153844 0.28966346153846156 0.02283653846153846 0.04807692307692308
0 0.5072115384615384 0.27163461538461536 0.019230769230769232 0.06009615384615385
0 0.71875 0.5721153846153846 0.10336538461538461 0.13701923076923078
0 0.828125 0.45552884615384615 0.06850961538461539 0.11057692307692307
0 0.6610576923076923 0.28725961538461536 0.026442307692307692 0.052884615384615384
0 0.6177884615384616 0.24639423076923078 0.019230769230769232 0.02283653846153846
3 0.33533653846153844 0.3870192307692308 0.04326923076923077 0.046875