0 0.054086538461538464 0.7103365384615384 0.1045673076923077 0.13942307692307693
0 0.8677884615384616 0.49278846153846156 0.10336538461538461 0.11658653846153846
0 0.07692307692307693 0.6069711538461539 0.15384615384615385 0.09615384615384616
0 0.41225961538461536 0.39783653846153844 0.06129807692307692 0.06009615384615385
0 0.45552884615384615 0.3557692307692308 0.037259615384615384 0.04447115384615385
0 0.4795673076923077 0.3245192307692308 0.02403846153846154 0.028846153846153848
0 0.4987980769230769 0.35697115384615385 0.037259615384615384 0.056490384615384616
0 0.35336538461538464 0.36177884615384615 0.046875 0.039663461538461536
0 0.3701923076923077 0.34134615384615385 0.037259615384615384 0.037259615384615384
0 0.3942307692307692 0.32572115384615385 0.028846153846153848 0.042067307692307696
1 0.7391826923076923 0.375 0.046875 0.07692307692307693
3 0.3125 0.43509615384615385 0.03365384615384615 0.039663461538461536
3 0.5961538461538461 0.30528846153846156 0.015625 0.026442307692307692
3 0.4567307692307692 0.3173076923076923 0.01201923076923077 0.025240384615384616