1 0.07091346153846154 0.38461538461538464 0.14182692307692307 0.5048076923076923
0 0.18629807692307693 0.5192307692307693 0.11298076923076923 0.18269230769230768
3 0.41586538461538464 0.5216346153846154 0.04807692307692308 0.11298076923076923
3 0.46274038461538464 0.5228365384615384 0.057692307692307696 0.09615384615384616
3 0.5276442307692307 0.5408653846153846 0.08173076923076923 0.12620192307692307
0 0.6646634615384616 0.49278846153846156 0.03245192307692308 0.06610576923076923
1 0.7415865384615384 0.484375 0.07211538461538461 0.08653846153846154
3 0.6899038461538461 0.49759615384615385 0.025240384615384616 0.06490384615384616
3 0.8004807692307693 0.484375 0.018028846153846152 0.04567307692307692
3 0.8557692307692307 0.484375 0.010817307692307692 0.03125
0 0.7848557692307693 0.4855769230769231 0.014423076923076924 0.038461538461538464
0 0.8076923076923077 0.4807692307692308 0.01201923076923077 0.030048076923076924
1 0.8653846153846154 0.45913461538461536 0.014423076923076924 0.028846153846153848