3 0.11538461538461539 0.3137019230769231 0.05048076923076923 0.15384615384615385
3 0.12259615384615384 0.21033653846153846 0.054086538461538464 0.07572115384615384
3 0.18990384615384615 0.19831730769230768 0.04326923076923077 0.10817307692307693
3 0.5060096153846154 0.16706730769230768 0.039663461538461536 0.08173076923076923
3 0.5456730769230769 0.07932692307692307 0.03365384615384615 0.09254807692307693
3 0.7067307692307693 0.04927884615384615 0.021634615384615384 0.08173076923076923
3 0.9771634615384616 0.5324519230769231 0.04447115384615385 0.1622596153846154
3 0.9314903846153846 0.3737980769230769 0.04807692307692308 0.09495192307692307
0 0.39663461538461536 0.24639423076923078 0.1045673076923077 0.16105769230769232
0 0.46875 0.078125 0.07692307692307693 0.1141826923076923
1 0.7944711538461539 0.14543269230769232 0.10817307692307693 0.15144230769230768
1 0.6225961538461539 0.6045673076923077 0.5216346153846154 0.7908653846153846