0 0.5528846153846154 0.7115384615384616 0.1814903846153846 0.3701923076923077
0 0.5360576923076923 0.43028846153846156 0.20552884615384615 0.19951923076923078
0 0.17668269230769232 0.8161057692307693 0.25841346153846156 0.36778846153846156
0 0.2800480769230769 0.546875 0.17908653846153846 0.30408653846153844
0 0.36538461538461536 0.39302884615384615 0.13581730769230768 0.19831730769230768
1 0.3473557692307692 0.23317307692307693 0.1310096153846154 0.21514423076923078
0 0.41346153846153844 0.10216346153846154 0.07211538461538461 0.10096153846153846
0 0.5576923076923077 0.10697115384615384 0.0985576923076923 0.12740384615384615
0 0.5396634615384616 0.16466346153846154 0.1141826923076923 0.14302884615384615
0 0.49399038461538464 0.19471153846153846 0.1346153846153846 0.1971153846153846
3 0.7836538461538461 0.3557692307692308 0.052884615384615384 0.17908653846153846
3 0.7572115384615384 0.6322115384615384 0.09975961538461539 0.15625
3 0.5060096153846154 0.03365384615384615 0.040865384615384616 0.06009615384615385