0 0.3004807692307692 0.41947115384615385 0.15985576923076922 0.26802884615384615
3 0.4014423076923077 0.5853365384615384 0.10817307692307693 0.24879807692307693
3 0.6033653846153846 0.46634615384615385 0.08173076923076923 0.2127403846153846
0 0.375 0.22596153846153846 0.10096153846153846 0.17548076923076922
0 0.42427884615384615 0.13942307692307693 0.09014423076923077 0.10817307692307693
0 0.4110576923076923 0.055288461538461536 0.06370192307692307 0.09975961538461539
1 0.9182692307692307 0.5841346153846154 0.1622596153846154 0.36177884615384615
1 0.1935096153846154 0.8725961538461539 0.28966346153846156 0.2548076923076923
1 0.5961538461538461 0.1814903846153846 0.17427884615384615 0.3629807692307692
3 0.78125 0.25961538461538464 0.07091346153846154 0.1466346153846154
1 0.8040865384615384 0.16466346153846154 0.12379807692307693 0.15985576923076922