3 0.5600961538461539 0.890625 0.13822115384615385 0.21875
3 0.9230769230769231 0.3605769230769231 0.06490384615384616 0.08413461538461539
3 0.7283653846153846 0.03485576923076923 0.039663461538461536 0.06370192307692307
0 0.6778846153846154 0.06009615384615385 0.06850961538461539 0.09014423076923077
0 0.5348557692307693 0.09735576923076923 0.07451923076923077 0.09014423076923077
0 0.5144230769230769 0.028846153846153848 0.057692307692307696 0.056490384615384616
0 0.5216346153846154 0.2980769230769231 0.12259615384615384 0.18028846153846154
0 0.3786057692307692 0.31490384615384615 0.11899038461538461 0.1971153846153846
0 0.2920673076923077 0.484375 0.16466346153846154 0.21634615384615385
1 0.18990384615384615 0.7824519230769231 0.25 0.43509615384615385
1 0.7992788461538461 0.15144230769230768 0.109375 0.1658653846153846
1 0.4110576923076923 0.1502403846153846 0.14783653846153846 0.29927884615384615