0 0.671875 0.5564903846153846 0.18870192307692307 0.24158653846153846
0 0.5709134615384616 0.828125 0.21995192307692307 0.34375
0 0.3942307692307692 0.19831730769230768 0.08774038461538461 0.12860576923076922
0 0.42427884615384615 0.1045673076923077 0.07572115384615384 0.08653846153846154
0 0.453125 0.040865384615384616 0.051682692307692304 0.06370192307692307
0 0.5576923076923077 0.12740384615384615 0.078125 0.08774038461538461
0 0.5420673076923077 0.17427884615384615 0.07451923076923077 0.06850961538461539
0 0.5396634615384616 0.2548076923076923 0.09975961538461539 0.10697115384615384
1 0.48677884615384615 0.4723557692307692 0.1658653846153846 0.32572115384615385
0 0.20432692307692307 0.11057692307692307 0.10336538461538461 0.1141826923076923
1 0.20552884615384615 0.6550480769230769 0.4110576923076923 0.6899038461538461
1 0.5504807692307693 0.052884615384615384 0.109375 0.10576923076923077
3 0.6237980769230769 0.14423076923076922 0.03245192307692308 0.1045673076923077
3 0.7956730769230769 0.7932692307692307 0.09975961538461539 0.15144230769230768
3 0.47475961538461536 0.6730769230769231 0.06850961538461539 0.16706730769230768