3 0.33533653846153844 0.26322115384615385 0.04567307692307692 0.14423076923076922
3 0.41466346153846156 0.5420673076923077 0.07211538461538461 0.18269230769230768
3 0.5324519230769231 0.1778846153846154 0.037259615384615384 0.10817307692307693
3 0.7307692307692307 0.44711538461538464 0.06370192307692307 0.1201923076923077
3 0.9314903846153846 0.37740384615384615 0.042067307692307696 0.10096153846153846
3 0.7367788461538461 0.15865384615384615 0.046875 0.0985576923076923
3 0.7067307692307693 0.02403846153846154 0.040865384615384616 0.04807692307692308
0 0.44471153846153844 0.10336538461538461 0.0985576923076923 0.16947115384615385
0 0.20192307692307693 0.7992788461538461 0.35336538461538464 0.4014423076923077
1 0.6682692307692307 0.7115384615384616 0.421875 0.5769230769230769
3 0.5444711538461539 0.026442307692307692 0.038461538461538464 0.052884615384615384
3 0.19230769230769232 0.07572115384615384 0.06971153846153846 0.09375