0 0.3581730769230769 0.32091346153846156 0.12259615384615384 0.19230769230769232
0 0.40384615384615385 0.18389423076923078 0.07932692307692307 0.11778846153846154
0 0.2512019230769231 0.06129807692307692 0.06850961538461539 0.10697115384615384
0 0.5384615384615384 0.0673076923076923 0.0829326923076923 0.09735576923076923
1 0.23918269230769232 0.6394230769230769 0.18629807692307693 0.44350961538461536
1 0.796875 0.14783653846153846 0.11298076923076923 0.16706730769230768
0 0.6838942307692307 0.0673076923076923 0.06610576923076923 0.08774038461538461
0 0.2091346153846154 0.9290865384615384 0.27884615384615385 0.14182692307692307
3 0.4098557692307692 0.4567307692307692 0.08774038461538461 0.18389423076923078
3 0.47596153846153844 0.23677884615384615 0.057692307692307696 0.10576923076923077
3 0.5396634615384616 0.15985576923076922 0.040865384615384616 0.09014423076923077
3 0.9194711538461539 0.36177884615384615 0.07451923076923077 0.08653846153846154