3 0.5564903846153846 0.328125 0.04326923076923077 0.14423076923076922
3 0.5048076923076923 0.22596153846153846 0.042067307692307696 0.10697115384615384
3 0.6694711538461539 0.7475961538461539 0.06009615384615385 0.17307692307692307
3 0.890625 0.8401442307692307 0.109375 0.1971153846153846
3 0.9807692307692307 0.5504807692307693 0.038461538461538464 0.13822115384615385
0 0.14423076923076922 0.1310096153846154 0.10336538461538461 0.0985576923076923
0 0.4338942307692308 0.07572115384615384 0.078125 0.10697115384615384
0 0.5048076923076923 0.03365384615384615 0.06370192307692307 0.06610576923076923
0 0.4110576923076923 0.1814903846153846 0.08052884615384616 0.12620192307692307
0 0.4675480769230769 0.3918269230769231 0.11057692307692307 0.22716346153846154
0 0.4483173076923077 0.7355769230769231 0.15144230769230768 0.3545673076923077
1 0.8016826923076923 0.15504807692307693 0.1045673076923077 0.17067307692307693
1 0.33653846153846156 0.328125 0.12379807692307693 0.23677884615384615
1 0.22716346153846154 0.640625 0.18509615384615385 0.4651442307692308