3 0.49278846153846156 0.3485576923076923 0.02283653846153846 0.046875
3 0.6105769230769231 0.3293269230769231 0.025240384615384616 0.051682692307692304
3 0.8137019230769231 0.53125 0.054086538461538464 0.078125
0 0.6634615384615384 0.46274038461538464 0.0889423076923077 0.0829326923076923
0 0.4639423076923077 0.36899038461538464 0.037259615384615384 0.051682692307692304
0 0.34975961538461536 0.3629807692307692 0.04927884615384615 0.02283653846153846
0 0.36899038461538464 0.3269230769230769 0.04567307692307692 0.051682692307692304
0 0.39663461538461536 0.3112980769230769 0.039663461538461536 0.05889423076923077
0 0.4639423076923077 0.26802884615384615 0.02283653846153846 0.03365384615384615
0 0.5757211538461539 0.2800480769230769 0.027644230769230768 0.037259615384615384
0 0.7415865384615384 0.3737980769230769 0.06610576923076923 0.0733173076923077
0 0.8497596153846154 0.47716346153846156 0.09615384615384616 0.13341346153846154
0 0.5889423076923077 0.37259615384615385 0.07091346153846154 0.07211538461538461
0 0.5745192307692307 0.32211538461538464 0.03125 0.05048076923076923