3 0.6947115384615384 0.453125 0.055288461538461536 0.1201923076923077
3 0.625 0.3449519230769231 0.037259615384615384 0.08052884615384616
3 0.59375 0.2980769230769231 0.019230769230769232 0.04326923076923077
3 0.5949519230769231 0.28125 0.021634615384615384 0.042067307692307696
3 0.5793269230769231 0.26802884615384615 0.010817307692307692 0.042067307692307696
3 0.5757211538461539 0.2704326923076923 0.019230769230769232 0.03125
0 0.8581730769230769 0.5144230769230769 0.13701923076923078 0.21875
0 0.6346153846153846 0.27163461538461536 0.03245192307692308 0.05048076923076923
0 0.4098557692307692 0.3088942307692308 0.08173076923076923 0.07692307692307693
0 0.3713942307692308 0.34375 0.08052884615384616 0.09495192307692307
0 0.31971153846153844 0.4026442307692308 0.078125 0.10817307692307693
0 0.1814903846153846 0.5204326923076923 0.171875 0.1346153846153846
1 0.2980769230769231 0.44471153846153844 0.12620192307692307 0.14783653846153846