0 0.13942307692307693 0.5216346153846154 0.12379807692307693 0.16346153846153846
0 0.234375 0.46634615384615385 0.08173076923076923 0.12139423076923077
0 0.35697115384615385 0.34975961538461536 0.046875 0.07692307692307693
0 0.38822115384615385 0.328125 0.04447115384615385 0.0733173076923077
0 0.5072115384615384 0.27283653846153844 0.03125 0.04807692307692308
3 0.49399038461538464 0.25961538461538464 0.019230769230769232 0.039663461538461536
3 0.48677884615384615 0.2764423076923077 0.020432692307692308 0.037259615384615384
3 0.4891826923076923 0.30408653846153844 0.02283653846153846 0.051682692307692304
3 0.4567307692307692 0.35216346153846156 0.04567307692307692 0.07451923076923077
3 0.4387019230769231 0.3786057692307692 0.03245192307692308 0.078125
0 0.46274038461538464 0.27163461538461536 0.02283653846153846 0.037259615384615384
0 0.6274038461538461 0.2620192307692308 0.016826923076923076 0.046875
0 0.6370192307692307 0.2692307692307692 0.018028846153846152 0.038461538461538464
0 0.6646634615384616 0.3004807692307692 0.038461538461538464 0.06490384615384616
0 0.7512019230769231 0.37259615384615385 0.0733173076923077 0.09134615384615384
0 0.8401442307692307 0.44591346153846156 0.14182692307692307 0.13221153846153846
0 0.953125 0.5180288461538461 0.09375 0.16706730769230768
3 0.8485576923076923 0.6790865384615384 0.10096153846153846 0.2247596153846154
3 0.6069711538461539 0.3269230769230769 0.02283653846153846 0.0733173076923077
3 0.5877403846153846 0.2824519230769231 0.02283653846153846 0.03125
3 0.5997596153846154 0.24158653846153846 0.010817307692307692 0.037259615384615384
0 0.5745192307692307 0.23918269230769232 0.019230769230769232 0.03485576923076923
1 0.5805288461538461 0.23197115384615385 0.03245192307692308 0.06009615384615385