3 0.8425480769230769 0.4735576923076923 0.04567307692307692 0.12860576923076922
3 0.8689903846153846 0.6646634615384616 0.08052884615384616 0.11298076923076923
3 0.859375 0.8882211538461539 0.08173076923076923 0.12860576923076922
3 0.6514423076923077 0.3798076923076923 0.07091346153846154 0.09495192307692307
0 0.13581730769230768 0.10697115384615384 0.10697115384615384 0.14903846153846154
1 0.2247596153846154 0.5600961538461539 0.40865384615384615 0.7848557692307693
1 0.5396634615384616 0.7620192307692307 0.43509615384615385 0.47475961538461536
1 0.5504807692307693 0.04447115384615385 0.10096153846153846 0.0889423076923077
0 0.44350961538461536 0.07572115384615384 0.09615384615384616 0.11899038461538461
0 0.5649038461538461 0.09615384615384616 0.07211538461538461 0.07932692307692307
0 0.5456730769230769 0.15745192307692307 0.06610576923076923 0.09134615384615384
0 0.53125 0.21153846153846154 0.08052884615384616 0.09014423076923077
1 0.5060096153846154 0.36658653846153844 0.14302884615384615 0.24759615384615385