3 0.25600961538461536 0.5793269230769231 0.038461538461538464 0.078125
3 0.41586538461538464 0.41466346153846156 0.02403846153846154 0.056490384615384616
3 0.453125 0.36778846153846156 0.02283653846153846 0.042067307692307696
3 0.4266826923076923 0.3449519230769231 0.014423076923076924 0.037259615384615384
0 0.8978365384615384 0.8064903846153846 0.17908653846153846 0.30288461538461536
0 0.4326923076923077 0.5252403846153846 0.08173076923076923 0.11658653846153846
0 0.14783653846153846 0.5384615384615384 0.12379807692307693 0.11057692307692307
0 0.21394230769230768 0.4795673076923077 0.06850961538461539 0.06971153846153846
0 0.36899038461538464 0.34615384615384615 0.037259615384615384 0.042067307692307696
0 0.3954326923076923 0.3245192307692308 0.037259615384615384 0.03485576923076923
0 0.5817307692307693 0.3137019230769231 0.03245192307692308 0.04447115384615385
0 0.8293269230769231 0.4579326923076923 0.078125 0.08533653846153846
0 0.6646634615384616 0.29447115384615385 0.026442307692307692 0.03365384615384615
0 0.7524038461538461 0.3762019230769231 0.04447115384615385 0.06490384615384616
1 0.4831730769230769 0.30288461538461536 0.046875 0.0829326923076923