1 0.38100961538461536 0.21875 0.19831730769230768 0.4362980769230769
0 0.3269230769230769 0.47716346153846156 0.17668269230769232 0.21394230769230768
0 0.21875 0.7067307692307693 0.25600961538461536 0.3798076923076923
0 0.4963942307692308 0.6165865384615384 0.18509615384615385 0.33413461538461536
0 0.5480769230769231 0.31009615384615385 0.11778846153846154 0.18389423076923078
0 0.5336538461538461 0.1658653846153846 0.07692307692307693 0.11538461538461539
0 0.6887019230769231 0.06009615384615385 0.07211538461538461 0.0985576923076923
1 0.7956730769230769 0.15384615384615385 0.11177884615384616 0.15504807692307693
1 0.12740384615384615 0.9242788461538461 0.2548076923076923 0.15144230769230768
3 0.9146634615384616 0.35697115384615385 0.05048076923076923 0.10216346153846154
3 0.12379807692307693 0.14182692307692307 0.06610576923076923 0.12860576923076922