0 0.2247596153846154 0.6802884615384616 0.2668269230769231 0.6225961538461539
0 0.07932692307692307 0.3485576923076923 0.15144230769230768 0.1935096153846154
0 0.07091346153846154 0.203125 0.11538461538461539 0.10817307692307693
1 0.38100961538461536 0.30528846153846156 0.1310096153846154 0.22716346153846154
3 0.5216346153846154 0.8353365384615384 0.11177884615384616 0.2920673076923077
3 0.5384615384615384 0.40384615384615385 0.07572115384615384 0.18990384615384615
3 0.6201923076923077 0.5216346153846154 0.08533653846153846 0.2127403846153846
1 0.48197115384615385 0.052884615384615384 0.09014423076923077 0.1045673076923077
3 0.20673076923076922 0.16105769230769232 0.051682692307692304 0.1045673076923077
3 0.2548076923076923 0.13341346153846154 0.04927884615384615 0.10216346153846154
0 0.8942307692307693 0.40384615384615385 0.1658653846153846 0.25600961538461536
0 0.28966346153846156 0.06971153846153846 0.06971153846153846 0.0829326923076923