1 0.6754807692307693 0.8533653846153846 0.42788461538461536 0.2932692307692308
0 0.46033653846153844 0.6237980769230769 0.20673076923076922 0.3449519230769231
0 0.38461538461538464 0.22956730769230768 0.11057692307692307 0.15504807692307693
0 0.49158653846153844 0.06129807692307692 0.056490384615384616 0.08653846153846154
0 0.8365384615384616 0.35336538461538464 0.15625 0.21995192307692307
3 0.25841346153846156 0.6742788461538461 0.1141826923076923 0.24519230769230768
3 0.3701923076923077 0.35216346153846156 0.054086538461538464 0.15144230769230768
3 0.47475961538461536 0.20432692307692307 0.046875 0.09254807692307693
3 0.5180288461538461 0.1045673076923077 0.03485576923076923 0.09014423076923077
3 0.47475961538461536 0.38100961538461536 0.056490384615384616 0.1466346153846154
3 0.6370192307692307 0.5168269230769231 0.08413461538461539 0.20072115384615385
3 0.7259615384615384 0.039663461538461536 0.027644230769230768 0.055288461538461536