3 0.4423076923076923 0.8028846153846154 0.10697115384615384 0.2704326923076923
3 0.546875 0.7295673076923077 0.10697115384615384 0.25600961538461536
3 0.4963942307692308 0.5877403846153846 0.055288461538461536 0.16346153846153846
3 0.5036057692307693 0.4338942307692308 0.05048076923076923 0.11538461538461539
3 0.5528846153846154 0.36538461538461536 0.057692307692307696 0.13221153846153846
3 0.9350961538461539 0.3629807692307692 0.05889423076923077 0.10336538461538461
3 0.9855769230769231 0.5324519230769231 0.028846153846153848 0.15985576923076922
3 0.7067307692307693 0.040865384615384616 0.02283653846153846 0.06971153846153846
1 0.796875 0.15264423076923078 0.10697115384615384 0.18870192307692307
0 0.40625 0.35697115384615385 0.14182692307692307 0.20072115384615385
0 0.09254807692307693 0.26802884615384615 0.13581730769230768 0.16826923076923078
0 0.21875 0.9050480769230769 0.25 0.18990384615384615
0 0.2848557692307692 0.6286057692307693 0.2247596153846154 0.33533653846153844
0 0.43509615384615385 0.17668269230769232 0.10216346153846154 0.1346153846153846
0 0.2283653846153846 0.09254807692307693 0.1466346153846154 0.18509615384615385