0 0.8858173076923077 0.49759615384615385 0.09615384615384616 0.0985576923076923
0 0.8317307692307693 0.4519230769230769 0.07211538461538461 0.0829326923076923
0 0.6069711538461539 0.33413461538461536 0.039663461538461536 0.055288461538461536
0 0.6622596153846154 0.29447115384615385 0.054086538461538464 0.030048076923076924
0 0.453125 0.39302884615384615 0.0625 0.06370192307692307
0 0.3942307692307692 0.3173076923076923 0.03125 0.03125
0 0.4831730769230769 0.2860576923076923 0.02403846153846154 0.03485576923076923
0 0.5060096153846154 0.28725961538461536 0.026442307692307692 0.04326923076923077
1 0.4266826923076923 0.34375 0.05048076923076923 0.05048076923076923
1 0.5793269230769231 0.25 0.02283653846153846 0.046875
3 0.7668269230769231 0.5216346153846154 0.037259615384615384 0.06610576923076923