0 0.6550480769230769 0.6754807692307693 0.10697115384615384 0.18389423076923078
0 0.7271634615384616 0.8786057692307693 0.18870192307692307 0.24278846153846154
0 0.8004807692307693 0.734375 0.15625 0.21514423076923078
0 0.6274038461538461 0.39302884615384615 0.046875 0.06490384615384616
0 0.890625 0.6189903846153846 0.16706730769230768 0.12860576923076922
0 0.8894230769230769 0.4963942307692308 0.10096153846153846 0.09975961538461539
0 0.6322115384615384 0.3449519230769231 0.04927884615384615 0.04326923076923077
0 0.6646634615384616 0.2920673076923077 0.036057692307692304 0.039663461538461536
0 0.6021634615384616 0.27283653846153844 0.021634615384615384 0.016826923076923076
0 0.9278846153846154 0.9074519230769231 0.14423076923076922 0.18509615384615385
3 0.4567307692307692 0.39783653846153844 0.02403846153846154 0.042067307692307696
3 0.3425480769230769 0.3894230769230769 0.025240384615384616 0.039663461538461536
3 0.609375 0.29447115384615385 0.016826923076923076 0.04326923076923077
0 0.4254807692307692 0.3004807692307692 0.046875 0.03125
0 0.36899038461538464 0.3473557692307692 0.038461538461538464 0.04447115384615385
0 0.3954326923076923 0.32091346153846156 0.030048076923076924 0.03125