3 0.5745192307692307 0.05048076923076923 0.03245192307692308 0.078125
3 0.5757211538461539 0.14543269230769232 0.03245192307692308 0.08533653846153846
3 0.5324519230769231 0.037259615384615384 0.026442307692307692 0.07451923076923077
3 0.5120192307692307 0.3858173076923077 0.056490384615384616 0.08774038461538461
3 0.3112980769230769 0.46274038461538464 0.0625 0.17067307692307693
1 0.7944711538461539 0.14423076923076922 0.09495192307692307 0.1658653846153846
0 0.35336538461538464 0.2848557692307692 0.10817307692307693 0.14783653846153846
0 0.5084134615384616 0.5480769230769231 0.15985576923076922 0.27283653846153844
0 0.46274038461538464 0.10576923076923077 0.0673076923076923 0.11298076923076923
0 0.21995192307692307 0.11177884615384616 0.15264423076923078 0.22235576923076922
0 0.0673076923076923 0.3485576923076923 0.1346153846153846 0.1502403846153846