0 0.4110576923076923 0.5456730769230769 0.0733173076923077 0.10216346153846154
0 0.4807692307692308 0.35697115384615385 0.03485576923076923 0.04326923076923077
0 0.49399038461538464 0.3076923076923077 0.028846153846153848 0.038461538461538464
0 0.42788461538461536 0.3088942307692308 0.03125 0.03125
0 0.39663461538461536 0.3233173076923077 0.03245192307692308 0.04326923076923077
0 0.3641826923076923 0.34134615384615385 0.03485576923076923 0.046875
0 0.7283653846153846 0.4266826923076923 0.06610576923076923 0.07692307692307693
0 0.828125 0.44471153846153844 0.0673076923076923 0.06850961538461539
0 0.8846153846153846 0.5012019230769231 0.09254807692307693 0.1045673076923077
3 0.33653846153846156 0.41947115384615385 0.02283653846153846 0.056490384615384616
3 0.16346153846153846 0.8064903846153846 0.06971153846153846 0.13341346153846154
0 0.6646634615384616 0.29086538461538464 0.03125 0.038461538461538464