1 0.30408653846153844 0.359375 0.2932692307692308 0.5901442307692307
1 0.20192307692307693 0.8341346153846154 0.40384615384615385 0.3317307692307692
1 0.5637019230769231 0.515625 0.2536057692307692 0.6622596153846154
0 0.13701923076923078 0.11778846153846154 0.08413461538461539 0.13581730769230768
0 0.5204326923076923 0.06610576923076923 0.05889423076923077 0.09254807692307693
0 0.6838942307692307 0.0625 0.078125 0.08774038461538461
1 0.8004807692307693 0.1502403846153846 0.10096153846153846 0.17067307692307693
3 0.4723557692307692 0.15625 0.03485576923076923 0.0889423076923077
3 0.4987980769230769 0.11778846153846154 0.03365384615384615 0.08653846153846154
3 0.5372596153846154 0.13822115384615385 0.038461538461538464 0.08173076923076923
3 0.4651442307692308 0.36778846153846156 0.046875 0.12379807692307693
3 0.9387019230769231 0.36177884615384615 0.06129807692307692 0.10216346153846154
3 0.42908653846153844 0.06009615384615385 0.03365384615384615 0.08052884615384616