0 0.8305288461538461 0.44711538461538464 0.08774038461538461 0.08774038461538461
0 0.6658653846153846 0.29447115384615385 0.02283653846153846 0.03485576923076923
0 0.3942307692307692 0.32091346153846156 0.03125 0.038461538461538464
0 0.36538461538461536 0.3425480769230769 0.04447115384615385 0.038461538461538464
0 0.2127403846153846 0.48197115384615385 0.08413461538461539 0.07451923076923077
3 0.3401442307692308 0.4014423076923077 0.027644230769230768 0.039663461538461536
3 0.4987980769230769 0.3137019230769231 0.013221153846153846 0.039663461538461536
3 0.6081730769230769 0.38461538461538464 0.030048076923076924 0.04326923076923077
3 0.7247596153846154 0.5288461538461539 0.040865384615384616 0.0829326923076923
3 0.5673076923076923 0.28966346153846156 0.013221153846153846 0.038461538461538464
1 0.5865384615384616 0.2644230769230769 0.02283653846153846 0.05048076923076923