0 0.2692307692307692 0.8689903846153846 0.2932692307692308 0.2620192307692308
0 0.4723557692307692 0.14302884615384615 0.07692307692307693 0.15144230769230768
3 0.20673076923076922 0.12259615384615384 0.037259615384615384 0.10576923076923077
3 0.5144230769230769 0.6646634615384616 0.08653846153846154 0.22956730769230768
3 0.40865384615384615 0.10336538461538461 0.028846153846153848 0.09375
3 0.5384615384615384 0.06610576923076923 0.037259615384615384 0.0733173076923077
3 0.7391826923076923 0.13942307692307693 0.03365384615384615 0.07932692307692307
3 0.9362980769230769 0.37259615384615385 0.04807692307692308 0.09615384615384616
3 0.7103365384615384 0.02403846153846154 0.04567307692307692 0.04807692307692308
0 0.46875 0.3786057692307692 0.12860576923076922 0.22235576923076922
1 0.13341346153846154 0.07692307692307693 0.13581730769230768 0.15264423076923078