0 0.8497596153846154 0.4963942307692308 0.140625 0.20192307692307693
0 0.6478365384615384 0.5444711538461539 0.11177884615384616 0.20793269230769232
0 0.6742788461538461 0.3112980769230769 0.04447115384615385 0.055288461538461536
0 0.5228365384615384 0.2848557692307692 0.030048076923076924 0.06009615384615385
0 0.4879807692307692 0.26322115384615385 0.028846153846153848 0.039663461538461536
0 0.39903846153846156 0.32572115384615385 0.08052884615384616 0.07211538461538461
0 0.36899038461538464 0.3329326923076923 0.078125 0.056490384615384616
0 0.328125 0.390625 0.08653846153846154 0.12139423076923077
0 0.15865384615384615 0.5396634615384616 0.17908653846153846 0.15504807692307693
0 0.5661057692307693 0.2668269230769231 0.016826923076923076 0.039663461538461536
0 0.5709134615384616 0.25721153846153844 0.014423076923076924 0.030048076923076924
0 0.5733173076923077 0.2403846153846154 0.019230769230769232 0.020432692307692308
0 0.6370192307692307 0.26802884615384615 0.020432692307692308 0.025240384615384616
0 0.6298076923076923 0.2620192307692308 0.02403846153846154 0.03365384615384615
0 0.46033653846153844 0.2608173076923077 0.027644230769230768 0.038461538461538464
1 0.6935096153846154 0.40024038461538464 0.11057692307692307 0.17548076923076922
3 0.5925480769230769 0.31971153846153844 0.030048076923076924 0.052884615384615384
3 0.5949519230769231 0.27524038461538464 0.013221153846153846 0.037259615384615384
3 0.5865384615384616 0.2668269230769231 0.009615384615384616 0.03365384615384615
3 0.5829326923076923 0.24639423076923078 0.009615384615384616 0.026442307692307692
3 0.4807692307692308 0.27884615384615385 0.016826923076923076 0.04807692307692308
3 0.30528846153846156 0.40024038461538464 0.036057692307692304 0.0829326923076923
3 0.8485576923076923 0.796875 0.10817307692307693 0.22716346153846154