1 0.7932692307692307 0.14903846153846154 0.10216346153846154 0.17668269230769232
1 0.30649038461538464 0.25600961538461536 0.24639423076923078 0.359375
1 0.2692307692307692 0.7067307692307693 0.35096153846153844 0.5865384615384616
3 0.49038461538461536 0.6442307692307693 0.06490384615384616 0.1658653846153846
3 0.5204326923076923 0.45913461538461536 0.05048076923076923 0.11899038461538461
3 0.5913461538461539 0.3870192307692308 0.051682692307692304 0.10576923076923077
3 0.6033653846153846 0.2920673076923077 0.05048076923076923 0.078125
3 0.5649038461538461 0.27163461538461536 0.03245192307692308 0.08653846153846154
3 0.5240384615384616 0.21394230769230768 0.027644230769230768 0.07451923076923077
3 0.5072115384615384 0.16947115384615385 0.02283653846153846 0.07692307692307693
3 0.9855769230769231 0.5372596153846154 0.028846153846153848 0.12259615384615384
3 0.49399038461538464 0.40024038461538464 0.03245192307692308 0.08052884615384616
3 0.5228365384615384 0.030048076923076924 0.030048076923076924 0.06009615384615385