0 0.14423076923076922 0.5336538461538461 0.12139423076923077 0.11057692307692307
0 0.41947115384615385 0.4567307692307692 0.06009615384615385 0.11057692307692307
0 0.2548076923076923 0.9338942307692307 0.19230769230769232 0.12980769230769232
0 0.8341346153846154 0.45552884615384615 0.08173076923076923 0.08533653846153846
0 0.4891826923076923 0.3786057692307692 0.040865384615384616 0.056490384615384616
0 0.43990384615384615 0.3605769230769231 0.03365384615384615 0.04447115384615385
0 0.484375 0.31490384615384615 0.036057692307692304 0.04326923076923077
0 0.3641826923076923 0.34375 0.04447115384615385 0.04807692307692308
0 0.3942307692307692 0.31971153846153844 0.040865384615384616 0.039663461538461536
0 0.3293269230769231 0.38461538461538464 0.06129807692307692 0.04447115384615385
0 0.6658653846153846 0.2932692307692308 0.026442307692307692 0.030048076923076924
3 0.3870192307692308 0.375 0.016826923076923076 0.039663461538461536