1 0.43028846153846156 0.2704326923076923 0.17307692307692307 0.42427884615384615
0 0.2091346153846154 0.14423076923076922 0.1045673076923077 0.125
3 0.12379807692307693 0.32211538461538464 0.06370192307692307 0.15625
1 0.17548076923076922 0.8209134615384616 0.3317307692307692 0.35697115384615385
3 0.5576923076923077 0.2439903846153846 0.052884615384615384 0.11538461538461539
3 0.5949519230769231 0.10576923076923077 0.04567307692307692 0.09615384615384616
3 0.6322115384615384 0.07692307692307693 0.027644230769230768 0.08774038461538461
3 0.640625 0.13581730769230768 0.037259615384615384 0.09975961538461539
3 0.7103365384615384 0.026442307692307692 0.039663461538461536 0.052884615384615384
3 0.9807692307692307 0.5432692307692307 0.038461538461538464 0.12379807692307693
3 0.8870192307692307 0.9122596153846154 0.15144230769230768 0.17548076923076922