0 0.26802884615384615 0.7908653846153846 0.26322115384615385 0.4182692307692308
0 0.47836538461538464 0.03125 0.078125 0.054086538461538464
1 0.6526442307692307 0.7800480769230769 0.4519230769230769 0.43990384615384615
1 0.09495192307692307 0.24158653846153846 0.16346153846153846 0.21754807692307693
1 0.8016826923076923 0.15144230769230768 0.10216346153846154 0.15264423076923078
0 0.5240384615384616 0.21394230769230768 0.10576923076923077 0.2644230769230769
0 0.3605769230769231 0.3762019230769231 0.16826923076923078 0.35697115384615385
0 0.3173076923076923 0.24278846153846154 0.09014423076923077 0.21514423076923078
3 0.4387019230769231 0.15264423076923078 0.040865384615384616 0.09014423076923077
3 0.45913461538461536 0.19110576923076922 0.030048076923076924 0.109375
3 0.18870192307692307 0.09615384615384616 0.06610576923076923 0.09134615384615384
3 0.9375 0.375 0.057692307692307696 0.109375