3 0.5949519230769231 0.4951923076923077 0.06009615384615385 0.2127403846153846
3 0.7584134615384616 0.125 0.03245192307692308 0.08653846153846154
3 0.6850961538461539 0.028846153846153848 0.03245192307692308 0.051682692307692304
3 0.17908653846153846 0.1971153846153846 0.04567307692307692 0.11057692307692307
0 0.21153846153846154 0.8137019230769231 0.3076923076923077 0.36177884615384615
0 0.37740384615384615 0.27283653846153844 0.11538461538461539 0.1466346153846154
0 0.40384615384615385 0.1346153846153846 0.07932692307692307 0.1201923076923077
0 0.46634615384615385 0.04326923076923077 0.056490384615384616 0.08653846153846154
0 0.4963942307692308 0.11658653846153846 0.08653846153846154 0.1141826923076923
3 0.5432692307692307 0.1622596153846154 0.038461538461538464 0.09375
1 0.4338942307692308 0.4855769230769231 0.16826923076923078 0.35216346153846156
0 0.24519230769230768 0.09615384615384616 0.09014423076923077 0.08774038461538461
0 0.8942307692307693 0.41586538461538464 0.15745192307692307 0.25240384615384615