3 0.6262019230769231 0.2439903846153846 0.028846153846153848 0.0829326923076923
3 0.6021634615384616 0.1658653846153846 0.020432692307692308 0.08173076923076923
3 0.5757211538461539 0.11298076923076923 0.019230769230769232 0.08653846153846154
3 0.5528846153846154 0.056490384615384616 0.014423076923076924 0.06129807692307692
0 0.7175480769230769 0.28966346153846156 0.10216346153846154 0.17668269230769232
0 0.5805288461538461 0.31850961538461536 0.09615384615384616 0.13942307692307693
0 0.09375 0.28846153846153844 0.140625 0.13701923076923078
3 0.30649038461538464 0.3545673076923077 0.125 0.25961538461538464
3 0.5348557692307693 0.1622596153846154 0.08173076923076923 0.171875
0 0.42427884615384615 0.43990384615384615 0.18629807692307693 0.3629807692307692
0 0.18990384615384615 0.7956730769230769 0.23557692307692307 0.40865384615384615
1 0.6286057692307693 0.6923076923076923 0.3016826923076923 0.6153846153846154
3 0.8233173076923077 0.8725961538461539 0.07692307692307693 0.23076923076923078