1 0.8497596153846154 0.4567307692307692 0.036057692307692304 0.036057692307692304
0 0.8425480769230769 0.4855769230769231 0.026442307692307692 0.038461538461538464
0 0.8112980769230769 0.484375 0.036057692307692304 0.042067307692307696
3 0.7836538461538461 0.5 0.019230769230769232 0.046875
3 0.7668269230769231 0.5 0.009615384615384616 0.040865384615384616
3 0.7560096153846154 0.4963942307692308 0.01201923076923077 0.039663461538461536
3 0.7463942307692307 0.49759615384615385 0.010817307692307692 0.040865384615384616
3 0.7247596153846154 0.5096153846153846 0.028846153846153848 0.06490384615384616
0 0.6971153846153846 0.49399038461538464 0.03485576923076923 0.08173076923076923
0 0.5228365384615384 0.5024038461538461 0.078125 0.1935096153846154
1 0.40625 0.3737980769230769 0.0889423076923077 0.14423076923076922
3 0.39903846153846156 0.5745192307692307 0.06370192307692307 0.15985576923076922