0 0.78125 0.7283653846153846 0.15384615384615385 0.2800480769230769
0 0.7427884615384616 0.5300480769230769 0.10817307692307693 0.1201923076923077
0 0.43509615384615385 0.5132211538461539 0.08052884615384616 0.08653846153846154
0 0.1622596153846154 0.5276442307692307 0.09134615384615384 0.0985576923076923
0 0.23076923076923078 0.46033653846153844 0.09014423076923077 0.07211538461538461
0 0.3581730769230769 0.35697115384615385 0.04927884615384615 0.037259615384615384
0 0.48677884615384615 0.34615384615384615 0.03485576923076923 0.042067307692307696
0 0.5048076923076923 0.3076923076923077 0.028846153846153848 0.028846153846153848
1 0.6322115384615384 0.34615384615384615 0.042067307692307696 0.06610576923076923
1 0.5949519230769231 0.31971153846153844 0.025240384615384616 0.046875
0 0.5865384615384616 0.2764423076923077 0.015625 0.026442307692307692
0 0.5805288461538461 0.30288461538461536 0.021634615384615384 0.025240384615384616
3 0.390625 0.734375 0.038461538461538464 0.15504807692307693
0 0.40865384615384615 0.7223557692307693 0.002403846153846154 0.001201923076923077
3 0.28966346153846156 0.6526442307692307 0.05048076923076923 0.10817307692307693
3 0.46274038461538464 0.6021634615384616 0.037259615384615384 0.0985576923076923
3 0.7307692307692307 0.45552884615384615 0.03245192307692308 0.05889423076923077