0 0.5048076923076923 0.4014423076923077 0.13341346153846154 0.234375
0 0.39783653846153844 0.14423076923076922 0.09495192307692307 0.13701923076923078
0 0.4675480769230769 0.04927884615384615 0.055288461538461536 0.0985576923076923
3 0.5216346153846154 0.09014423076923077 0.030048076923076924 0.0985576923076923
3 0.49278846153846156 0.13341346153846154 0.039663461538461536 0.07692307692307693
3 0.4879807692307692 0.22956730769230768 0.052884615384615384 0.10576923076923077
3 0.5721153846153846 0.21634615384615385 0.042067307692307696 0.1141826923076923
3 0.6346153846153846 0.3329326923076923 0.06490384615384616 0.15985576923076922
3 0.9302884615384616 0.36538461538461536 0.04927884615384615 0.11658653846153846
3 0.7439903846153846 0.15985576923076922 0.03485576923076923 0.1045673076923077
3 0.7115384615384616 0.018028846153846152 0.056490384615384616 0.036057692307692304