0 0.47596153846153844 0.8701923076923077 0.22596153846153846 0.25961538461538464
0 0.1622596153846154 0.8882211538461539 0.28725961538461536 0.22355769230769232
0 0.25 0.6141826923076923 0.203125 0.3641826923076923
0 0.3173076923076923 0.3762019230769231 0.1346153846153846 0.22716346153846154
3 0.4182692307692308 0.4963942307692308 0.08052884615384616 0.20673076923076922
0 0.3713942307692308 0.24879807692307693 0.140625 0.16466346153846154
0 0.41947115384615385 0.17908653846153846 0.08653846153846154 0.13942307692307693
1 0.41947115384615385 0.056490384615384616 0.07692307692307693 0.11298076923076923
0 0.5348557692307693 0.18990384615384615 0.0889423076923077 0.14182692307692307
0 0.5552884615384616 0.30649038461538464 0.16105769230769232 0.17067307692307693
0 0.6009615384615384 0.5084134615384616 0.1814903846153846 0.23798076923076922